-9.707999999999999963e-01 3.016000000000000347e-01 4.843000000000000083e-01
-9.518999999999999684e-01 3.126000000000000445e-01 4.843000000000000083e-01
-9.275999999999999801e-01 3.236000000000000543e-01 4.843000000000000083e-01
-9.465000000000000080e-01 3.368000000000000438e-01 4.843000000000000083e-01
-9.572999999999999288e-01 3.500000000000000333e-01 4.843000000000000083e-01
-9.167999999999999483e-01 3.610000000000000431e-01 4.843000000000000083e-01
-9.141000000000000236e-01 3.742000000000000326e-01 4.843000000000000083e-01
-9.491999999999999327e-01 3.896000000000000019e-01 4.843000000000000083e-01
-9.303000000000000158e-01 4.027999999999999914e-01 4.843000000000000083e-01
-9.113999999999999879e-01 4.159999999999999809e-01 4.843000000000000083e-01
-9.222000000000000197e-01 4.314000000000000612e-01 4.843000000000000083e-01
-9.248999999999999444e-01 4.468000000000000305e-01 4.843000000000000083e-01
-9.167999999999999483e-01 4.621999999999999997e-01 4.843000000000000083e-01
-9.005999999999999561e-01 4.776000000000000800e-01 4.843000000000000083e-01
-8.816999999999999282e-01 4.930000000000000493e-01 4.843000000000000083e-01
-8.843999999999999639e-01 5.105999999999999428e-01 4.843000000000000083e-01
-8.735999999999999321e-01 5.282000000000000028e-01 4.843000000000000083e-01
-8.519999999999999796e-01 5.458000000000000629e-01 4.843000000000000083e-01
-8.519999999999999796e-01 5.656000000000001027e-01 4.843000000000000083e-01
-8.411999999999999478e-01 5.854000000000001425e-01 4.843000000000000083e-01
-8.222999999999999199e-01 6.051999999999999602e-01 4.843000000000000083e-01
-7.953000000000000069e-01 6.250000000000000000e-01 4.843000000000000083e-01
-7.817999999999999394e-01 6.470000000000000195e-01 4.843000000000000083e-01
-7.574999999999999512e-01 6.690000000000000391e-01 4.843000000000000083e-01
-7.493999999999999551e-01 6.932000000000000384e-01 4.843000000000000083e-01
-7.116000000000000103e-01 7.152000000000000579e-01 4.843000000000000083e-01
-6.791999999999999149e-01 7.394000000000000572e-01 4.843000000000000083e-01
-6.575999999999999623e-01 7.636000000000000565e-01 4.843000000000000083e-01
-6.116999999999999105e-01 7.856000000000000760e-01 4.843000000000000083e-01
