-9.978000000000000203e-01 3.654000000000000026e-01 9.999000000000000943e-03
-9.923999999999999488e-01 4.094000000000000417e-01 9.951999999999999041e-03
-9.707999999999999963e-01 4.269999999999999907e-01 1.000000000000000021e-02
-9.869999999999999885e-01 4.424000000000000710e-01 9.990000000000000616e-03
-9.680999999999999606e-01 4.556000000000000605e-01 2.999999999999999652e-06
-9.437999999999999723e-01 4.688000000000000500e-01 9.962000000000000369e-03
-9.518999999999999684e-01 4.842000000000000193e-01 1.000000000000000000e+00
-9.141000000000000236e-01 4.974000000000000088e-01 1.000000000000000000e+00
-9.059999999999999165e-01 5.127999999999999226e-01 1.000000000000000000e+00
-8.924999999999999600e-01 5.282000000000000028e-01 1.000000000000000000e+00
-8.735999999999999321e-01 5.436000000000000831e-01 1.000000000000000000e+00
-8.816999999999999282e-01 5.612000000000001432e-01 1.000000000000000000e+00
-8.438999999999999835e-01 5.766000000000000014e-01 1.000000000000000000e+00
-8.330999999999999517e-01 5.942000000000000615e-01 1.000000000000000000e+00
-8.114999999999999991e-01 6.118000000000001215e-01 1.000000000000000000e+00
-8.087999999999999634e-01 6.315999999999999392e-01 1.000000000000000000e+00
-7.763999999999999790e-01 6.491999999999999993e-01 1.000000000000000000e+00
-7.628999999999999115e-01 6.690000000000000391e-01 1.000000000000000000e+00
-7.358999999999999986e-01 6.888000000000000789e-01 1.000000000000000000e+00
-7.034999999999999032e-01 7.086000000000001187e-01 1.000000000000000000e+00
-6.899999999999999467e-01 7.306000000000001382e-01 1.000000000000000000e+00
-6.522000000000000020e-01 7.503999999999999559e-01 1.000000000000000000e+00
-6.089999999999999858e-01 7.701999999999999957e-01 1.000000000000000000e+00
-5.873999999999999222e-01 7.922000000000000153e-01 1.000000000000000000e+00
