-9.599999999999999645e-01 3.016000000000000347e-01 5.451000000000000290e-01
-9.491999999999999327e-01 3.148000000000000242e-01 5.451000000000000290e-01
-9.465000000000000080e-01 3.301999999999999935e-01 5.451000000000000290e-01
-9.410999999999999366e-01 3.456000000000000738e-01 5.451000000000000290e-01
-9.356999999999999762e-01 3.610000000000000431e-01 5.451000000000000290e-01
-9.303000000000000158e-01 3.764000000000000123e-01 5.451000000000000290e-01
-9.222000000000000197e-01 3.917999999999999816e-01 5.451000000000000290e-01
-9.167999999999999483e-01 4.094000000000000417e-01 5.451000000000000290e-01
-9.086999999999999522e-01 4.248000000000000109e-01 5.451000000000000290e-01
-8.978999999999999204e-01 4.401999999999999802e-01 5.451000000000000290e-01
-8.924999999999999600e-01 4.578000000000000402e-01 5.451000000000000290e-01
-8.870999999999999996e-01 4.753999999999999893e-01 5.451000000000000290e-01
-8.762999999999999678e-01 4.930000000000000493e-01 5.451000000000000290e-01
-8.654999999999999361e-01 5.105999999999999428e-01 5.451000000000000290e-01
-8.547000000000000153e-01 5.303999999999999826e-01 5.451000000000000290e-01
-8.438999999999999835e-01 5.480000000000000426e-01 5.451000000000000290e-01
-8.303999999999999160e-01 5.678000000000000824e-01 5.451000000000000290e-01
-8.168999999999999595e-01 5.876000000000001222e-01 5.451000000000000290e-01
-8.006999999999999673e-01 6.073999999999999400e-01 5.451000000000000290e-01
-7.844999999999999751e-01 6.271999999999999797e-01 5.451000000000000290e-01
-7.709999999999999076e-01 6.491999999999999993e-01 5.451000000000000290e-01
-7.493999999999999551e-01 6.712000000000000188e-01 5.451000000000000290e-01
-7.278000000000000025e-01 6.932000000000000384e-01 5.451000000000000290e-01
-7.034999999999999032e-01 7.152000000000000579e-01 5.451000000000000290e-01
-6.791999999999999149e-01 7.372000000000000774e-01 5.451000000000000290e-01
-6.522000000000000020e-01 7.592000000000000970e-01 5.451000000000000290e-01
-6.224999999999999423e-01 7.812000000000001165e-01 5.451000000000000290e-01
-5.900999999999999579e-01 8.032000000000001361e-01 5.451000000000000290e-01
-5.576999999999999735e-01 8.252000000000001556e-01 5.451000000000000290e-01
-5.225999999999999535e-01 8.472000000000001751e-01 5.451000000000000290e-01
