7.216002345085144043e-01 7.267474532127380371e-01 6.786680817604064941e-01 5.770611166954040527e-01 4.087067544460296631e-01 3.017581999301910400e-01 2.359556704759597778e-01 1.816658973693847656e-01 1.382431238889694214e-01 8.930802345275878906e-02 3.427160158753395081e-02 1.254426222294569016e-02 1.106088794767856598e-02 1.543927472084760666e-02 2.117686346173286438e-02 2.453664876520633698e-02 2.172611653804779053e-02 1.523992419242858887e-02 9.544412605464458466e-03 6.241261493414640427e-03 3.760635154321789742e-03 2.677397802472114563e-03 2.211398445069789886e-03 1.956321066245436668e-03 1.783603569492697716e-03 1.983462600037455559e-03 3.274742746725678444e-03 7.823526859283447266e-03 2.823612280189990997e-02 7.046601921319961548e-02 1.155427843332290649e-01 1.618157923221588135e-01 2.093427032232284546e-01 2.998100817203521729e-01 4.836332499980926514e-01 6.396532058715820312e-01
6.821455359458923340e-01 6.952207088470458984e-01 6.418883204460144043e-01 5.235626101493835449e-01 3.419680893421173096e-01 2.404050529003143311e-01 1.735939830541610718e-01 1.303527057170867920e-01 9.005375951528549194e-02 3.970351815223693848e-02 1.102691330015659332e-02 7.618767209351062775e-03 9.926468133926391602e-03 1.449838839471340179e-02 1.924353279173374176e-02 2.016030438244342804e-02 1.568926498293876648e-02 1.002999022603034973e-02 5.885245278477668762e-03 3.474289318546652794e-03 2.100170822814106941e-03 1.562490942887961864e-03 1.523828133940696716e-03 1.454420504160225391e-03 1.433223136700689793e-03 1.871622051112353802e-03 3.715027123689651489e-03 1.079385448247194290e-02 4.677755758166313171e-02 8.946446329355239868e-02 1.342740803956985474e-01 1.731748580932617188e-01 2.042592167854309082e-01 2.612505853176116943e-01 4.088931977748870850e-01 5.844569802284240723e-01
6.452972888946533203e-01 6.677196621894836426e-01 6.003852486610412598e-01 4.510857462882995605e-01 2.696211338043212891e-01 1.788908988237380981e-01 1.262899786233901978e-01 8.684593439102172852e-02 5.199370160698890686e-02 1.503114774823188782e-02 5.682243499904870987e-03 5.798818077892065048e-03 8.171823807060718536e-03 1.187624037265777588e-02 1.556788384914398193e-02 1.523951254785060883e-02 1.047620829194784164e-02 5.981778725981712341e-03 3.440090222284197807e-03 1.928426558151841164e-03 1.131040160544216633e-03 1.023969496600329876e-03 1.216094242408871651e-03 1.272066030651330948e-03 1.378137967549264431e-03 2.045658184215426445e-03 4.750201478600502014e-03 1.592276990413665771e-02 6.333317607641220093e-02 1.070226356387138367e-01 1.490541100502014160e-01 1.849807947874069214e-01 2.097891569137573242e-01 2.421676218509674072e-01 3.467818498611450195e-01 5.313991308212280273e-01
6.128584146499633789e-01 6.352406144142150879e-01 5.528833866119384766e-01 3.724538683891296387e-01 2.030601948499679565e-01 1.258945316076278687e-01 8.474051207304000854e-02 5.870622768998146057e-02 3.230918571352958679e-02 8.044595830142498016e-03 3.970252815634012222e-03 4.393814131617546082e-03 6.108974572271108627e-03 9.123327210545539856e-03 1.152237597852945328e-02 1.055654417723417282e-02 6.798380985856056213e-03 3.785494714975357056e-03 2.139755757525563240e-03 1.152258366346359253e-03 7.423232309520244598e-04 8.907156880013644695e-04 1.174732926301658154e-03 1.311939442530274391e-03 1.550951739773154259e-03 2.615800593048334122e-03 6.697166245430707932e-03 2.212757989764213562e-02 8.065508306026458740e-02 1.264263540506362915e-01 1.661094427108764648e-01 2.003749012947082520e-01 2.196610569953918457e-01 2.407977133989334106e-01 3.216093778610229492e-01 4.876024127006530762e-01
5.939288735389709473e-01 6.171770691871643066e-01 5.009936094284057617e-01 2.810286879539489746e-01 1.446751356124877930e-01 9.407673776149749756e-02 6.721517443656921387e-02 4.295551031827926636e-02 2.342133037745952606e-02 6.261583883315324783e-03 3.367527853697538376e-03 3.299123374745249748e-03 4.418575204908847809e-03 6.189335603266954422e-03 7.996592670679092407e-03 7.200098596513271332e-03 4.582766443490982056e-03 2.904683584347367287e-03 1.831563655287027359e-03 1.231580972671508789e-03 9.272244642488658428e-04 1.071021426469087601e-03 1.369739766232669353e-03 1.542359590530395508e-03 1.939360052347183228e-03 3.771659918129444122e-03 1.036695204675197601e-02 3.374307230114936829e-02 1.009474992752075195e-01 1.477413624525070190e-01 1.886205226182937622e-01 2.201946675777435303e-01 2.385824471712112427e-01 2.563738822937011719e-01 3.145602941513061523e-01 4.603720605373382568e-01
5.896388888359069824e-01 5.891388654708862305e-01 4.180226325988769531e-01 1.898178458213806152e-01 1.131971627473831177e-01 7.875639945268630981e-02 5.596301332116127014e-02 3.975076228380203247e-02 2.350766956806182861e-02 7.557321339845657349e-03 3.486578585579991341e-03 2.712309127673506737e-03 2.940686419606208801e-03 4.029988776892423630e-03 5.143460351973772049e-03 4.900415427982807159e-03 3.936079330742359161e-03 3.185381181538105011e-03 2.571660559624433517e-03 2.047091489657759666e-03 1.614155247807502747e-03 1.551765715703368187e-03 1.649072975851595402e-03 1.863996731117367744e-03 2.718257019296288490e-03 5.563206970691680908e-03 1.776287518441677094e-02 5.295190960168838501e-02 1.268879473209381104e-01 1.762828379869461060e-01 2.153274267911911011e-01 2.504743635654449463e-01 2.664759159088134766e-01 2.781734168529510498e-01 3.358345031738281250e-01 4.703825414180755615e-01
5.943557024002075195e-01 5.516095757484436035e-01 3.055655062198638916e-01 1.284607648849487305e-01 8.746009320020675659e-02 6.516343355178833008e-02 5.160148814320564270e-02 4.011008888483047485e-02 2.575138956308364868e-02 1.400499325245618820e-02 5.433193873614072800e-03 2.728526480495929718e-03 2.154726069420576096e-03 2.495223889127373695e-03 3.148607211187481880e-03 3.740818006917834282e-03 4.365266300737857819e-03 4.578434862196445465e-03 4.079191479831933975e-03 3.315471811220049858e-03 2.528308425098657608e-03 1.839216216467320919e-03 1.767629641108214855e-03 2.266722265630960464e-03 3.806227585300803185e-03 9.352141059935092926e-03 2.989983558654785156e-02 9.051538258790969849e-02 1.602203994989395142e-01 2.104514241218566895e-01 2.449059933423995972e-01 2.808356583118438721e-01 2.957113981246948242e-01 3.100519478321075439e-01 3.715008497238159180e-01 5.055813193321228027e-01
5.859289169311523438e-01 4.717336595058441162e-01 2.038567662239074707e-01 9.807708859443664551e-02 7.361102104187011719e-02 5.947855859994888306e-02 4.959855601191520691e-02 4.126626998186111450e-02 3.363819420337677002e-02 2.104959823191165924e-02 1.178480964154005051e-02 4.421008285135030746e-03 1.946945092640817165e-03 1.641650917008519173e-03 2.154103247448801994e-03 3.461072454228997231e-03 5.281838122755289078e-03 6.198772229254245758e-03 5.673258565366268158e-03 4.259838256984949112e-03 2.720650285482406616e-03 1.646577962674200535e-03 1.700651831924915314e-03 2.761485287919640541e-03 5.696913227438926697e-03 1.528972759842872620e-02 5.058261752128601074e-02 1.167200654745101929e-01 1.986360102891921997e-01 2.378102838993072510e-01 2.749014496803283691e-01 3.053792715072631836e-01 3.204261660575866699e-01 3.363080918788909912e-01 4.119331836700439453e-01 5.352846384048461914e-01
5.256162285804748535e-01 3.841551542282104492e-01 1.624874919652938843e-01 8.843474090099334717e-02 6.784515082836151123e-02 5.644190683960914612e-02 4.842083528637886047e-02 4.112706705927848816e-02 3.193184360861778259e-02 2.478445693850517273e-02 1.872776076197624207e-02 1.004757732152938843e-02 3.208249341696500778e-03 1.398619613610208035e-03 1.646685181185603142e-03 3.414445091038942337e-03 6.138513796031475067e-03 7.285845931619405746e-03 6.067678797990083694e-03 3.977349959313869476e-03 2.172118052840232849e-03 1.330688246525824070e-03 1.664669951424002647e-03 3.325751284137368202e-03 8.397770114243030548e-03 2.583221532404422760e-02 7.918891310691833496e-02 1.559864878654479980e-01 2.241143733263015747e-01 2.672881186008453369e-01 3.029551506042480469e-01 3.304390311241149902e-01 3.356977999210357666e-01 3.503164649009704590e-01 4.362635910511016846e-01 5.339332222938537598e-01
4.820508062839508057e-01 3.665923178195953369e-01 1.633275151252746582e-01 9.126116335391998291e-02 7.153693586587905884e-02 6.171951442956924438e-02 5.435615032911300659e-02 4.641051962971687317e-02 3.364839032292366028e-02 2.806480228900909424e-02 2.245660871267318726e-02 1.535281166434288025e-02 7.423239760100841522e-03 1.922336407005786896e-03 1.482246676459908485e-03 3.333674278110265732e-03 6.047070492058992386e-03 6.250099278986454010e-03 4.548899829387664795e-03 2.760391915217041969e-03 1.590791856870055199e-03 1.236332696862518787e-03 1.737053738906979561e-03 3.871390130370855331e-03 1.085865497589111328e-02 4.104965925216674805e-02 1.115836724638938904e-01 1.795361936092376709e-01 2.411451190710067749e-01 2.755396664142608643e-01 3.088836967945098877e-01 3.206878900527954102e-01 3.046989440917968750e-01 3.136568069458007812e-01 4.024885296821594238e-01 4.836475849151611328e-01
4.997997581958770752e-01 3.955518007278442383e-01 1.816250532865524292e-01 1.041245311498641968e-01 8.597823977470397949e-02 7.514083385467529297e-02 6.744359433650970459e-02 5.745273455977439880e-02 4.581665620207786560e-02 3.330849483609199524e-02 2.605240233242511749e-02 1.834910176694393158e-02 1.011553965508937836e-02 3.155946498736739159e-03 1.401909277774393559e-03 2.510479418560862541e-03 3.985477611422538757e-03 3.695955034345388412e-03 2.688305452466011047e-03 1.829729299061000347e-03 1.373020815663039684e-03 1.340428250841796398e-03 2.045339904725551605e-03 4.598224535584449768e-03 1.452858839184045792e-02 5.322653055191040039e-02 1.157032251358032227e-01 1.678191125392913818e-01 2.158021479845046997e-01 2.407428771257400513e-01 2.527226507663726807e-01 2.485956102609634399e-01 2.452048808336257935e-01 3.101333379745483398e-01 4.256728589534759521e-01 5.020837783813476562e-01
5.352125167846679688e-01 4.332600533962249756e-01 2.201314419507980347e-01 1.251917779445648193e-01 1.018534153699874878e-01 9.107278287410736084e-02 8.176705986261367798e-02 7.184728980064392090e-02 5.518788844347000122e-02 4.044660925865173340e-02 2.997182868421077728e-02 2.073912322521209717e-02 1.068744063377380371e-02 3.700606059283018112e-03 9.688640711829066277e-04 1.162162516266107559e-03 1.627694815397262573e-03 1.739837578497827053e-03 1.543952152132987976e-03 1.216230331920087337e-03 1.236087409779429436e-03 1.652776380069553852e-03 2.693695481866598129e-03 6.253561004996299744e-03 2.123105339705944061e-02 5.861093103885650635e-02 9.852292388677597046e-02 1.318086683750152588e-01 1.683453470468521118e-01 1.916664093732833862e-01 2.072679847478866577e-01 2.240450978279113770e-01 2.761608362197875977e-01 4.044449627399444580e-01 5.041574239730834961e-01 5.520632863044738770e-01
5.699745416641235352e-01 4.651949405670166016e-01 2.760148048400878906e-01 1.490225642919540405e-01 1.224898025393486023e-01 1.095121800899505615e-01 9.709237515926361084e-02 8.400213718414306641e-02 6.034244224429130554e-02 4.519195482134819031e-02 3.312257304787635803e-02 2.098124660551548004e-02 1.020408328622579575e-02 2.814568346366286278e-03 7.327968487516045570e-04 6.000674911774694920e-04 7.907763356342911720e-04 1.030914718285202980e-03 1.226910622790455818e-03 1.242460333742201328e-03 1.497144578024744987e-03 2.373503055423498154e-03 4.292788915336132050e-03 1.108800061047077179e-02 3.980768471956253052e-02 7.128652185201644897e-02 9.048676490783691406e-02 1.123568117618560791e-01 1.466902494430541992e-01 1.730822026729583740e-01 2.047892957925796509e-01 2.503435909748077393e-01 3.658532500267028809e-01 5.021572113037109375e-01 5.755406618118286133e-01 6.045892238616943359e-01
6.070461273193359375e-01 5.091377496719360352e-01 3.385690748691558838e-01 1.873338371515274048e-01 1.468097865581512451e-01 1.287020742893218994e-01 1.122364699840545654e-01 9.544262290000915527e-02 6.589068472385406494e-02 4.848912358283996582e-02 3.413162380456924438e-02 2.003610134124755859e-02 9.154943749308586121e-03 2.636178396642208099e-03 9.505508933216333389e-04 6.974213174544274807e-04 8.728196262381970882e-04 1.381128211505711079e-03 2.224257681518793106e-03 2.708069048821926117e-03 3.186746034771203995e-03 4.896953236311674118e-03 8.825623430311679840e-03 3.231298550963401794e-02 7.363457977771759033e-02 8.650465309619903564e-02 9.029198437929153442e-02 1.060878932476043701e-01 1.439756155014038086e-01 1.791182011365890503e-01 2.340331375598907471e-01 3.219854533672332764e-01 4.735330939292907715e-01 5.821087360382080078e-01 6.331914663314819336e-01 6.492394208908081055e-01
6.539412140846252441e-01 5.585256218910217285e-01 4.150222241878509521e-01 2.413353621959686279e-01 1.799465864896774292e-01 1.510168761014938354e-01 1.263270080089569092e-01 1.046366617083549500e-01 7.096405327320098877e-02 5.028613656759262085e-02 3.287926316261291504e-02 1.866897381842136383e-02 8.642792701721191406e-03 3.436771919950842857e-03 2.125507919117808342e-03 2.197365975007414818e-03 3.629298647865653038e-03 6.688526365906000137e-03 8.005998097360134125e-03 8.576104417443275452e-03 8.119144476950168610e-03 1.079269498586654663e-02 2.937373518943786621e-02 8.620578795671463013e-02 1.161641106009483337e-01 1.060887277126312256e-01 9.608425945043563843e-02 1.073424071073532104e-01 1.512198299169540405e-01 2.019937485456466675e-01 2.852500081062316895e-01 4.119997024536132812e-01 5.603706836700439453e-01 6.391710638999938965e-01 6.813681125640869141e-01 6.965811848640441895e-01
7.004050016403198242e-01 6.152705550193786621e-01 4.935156404972076416e-01 3.112550973892211914e-01 2.159679681062698364e-01 1.768501847982406616e-01 1.436229497194290161e-01 1.142294183373451233e-01 7.952320575714111328e-02 4.842570051550865173e-02 3.027044795453548431e-02 1.742461696267127991e-02 9.676572866737842560e-03 7.208511233329772949e-03 7.919817231595516205e-03 1.135542709380388260e-02 1.983911544084548950e-02 2.672299928963184357e-02 2.414281852543354034e-02 2.029509842395782471e-02 1.824365742504596710e-02 3.026586957275867462e-02 9.820454567670822144e-02 1.558210104703903198e-01 1.534965932369232178e-01 1.277927756309509277e-01 1.085707098245620728e-01 1.139479056000709534e-01 1.620941460132598877e-01 2.393414825201034546e-01 3.425046801567077637e-01 4.948231279850006104e-01 6.161066293716430664e-01 6.787633895874023438e-01 7.194916605949401855e-01 7.373983860015869141e-01
7.387615442276000977e-01 6.670913696289062500e-01 5.586201548576354980e-01 4.003797173500061035e-01 2.639974653720855713e-01 2.051272839307785034e-01 1.590116769075393677e-01 1.225620061159133911e-01 8.355676382780075073e-02 4.880873486399650574e-02 2.962418459355831146e-02 1.979577541351318359e-02 1.692862063646316528e-02 1.963482424616813660e-02 2.735250815749168396e-02 3.799529001116752625e-02 4.857846349477767944e-02 5.099387094378471375e-02 4.750877618789672852e-02 4.183740913867950439e-02 5.269475653767585754e-02 1.199362054467201233e-01 2.079343199729919434e-01 2.231653332710266113e-01 1.895741522312164307e-01 1.515367031097412109e-01 1.251760572195053101e-01 1.242362037301063538e-01 1.754271090030670166e-01 2.594002187252044678e-01 3.869783580303192139e-01 5.406689643859863281e-01 6.438381671905517578e-01 6.982874274253845215e-01 7.424744963645935059e-01 7.644726634025573730e-01
7.614837288856506348e-01 7.067985534667968750e-01 6.228507161140441895e-01 4.858711659908294678e-01 3.161428272724151611e-01 2.305523753166198730e-01 1.724192351102828979e-01 1.267521530389785767e-01 8.833912760019302368e-02 4.722052440047264099e-02 3.135033696889877319e-02 2.730954438447952271e-02 3.006577864289283752e-02 3.773783892393112183e-02 5.014711990952491760e-02 6.903460621833801270e-02 8.360888808965682983e-02 8.248791098594665527e-02 8.685523271560668945e-02 1.198205649852752686e-01 1.904305964708328247e-01 2.783239185810089111e-01 3.116199672222137451e-01 2.767875492572784424e-01 2.223401069641113281e-01 1.695995032787322998e-01 1.376842707395553589e-01 1.308508217334747314e-01 1.905273944139480591e-01 2.728284299373626709e-01 4.157754778861999512e-01 5.613325238227844238e-01 6.455551981925964355e-01 6.982547044754028320e-01 7.464182972908020020e-01 7.770211100578308105e-01
7.719444036483764648e-01 7.322476506233215332e-01 6.651006937026977539e-01 5.506433248519897461e-01 3.656735122203826904e-01 2.458926290273666382e-01 1.793298274278640747e-01 1.253151297569274902e-01 8.544551581144332886e-02 4.908088222146034241e-02 3.807838261127471924e-02 3.780564665794372559e-02 4.568035900592803955e-02 5.326903238892555237e-02 7.452324032783508301e-02 9.687665104866027832e-02 1.232532858848571777e-01 1.716168224811553955e-01 2.633261382579803467e-01 3.366772830486297607e-01 4.000252187252044678e-01 4.342259764671325684e-01 4.052335917949676514e-01 3.292156159877777100e-01 2.481311410665512085e-01 1.854825168848037720e-01 1.481533050537109375e-01 1.387528628110885620e-01 2.021703869104385376e-01 3.040087819099426270e-01 4.426276683807373047e-01 5.803443789482116699e-01 6.483904123306274414e-01 6.927456259727478027e-01 7.404372096061706543e-01 7.761361598968505859e-01
7.860809564590454102e-01 7.528495192527770996e-01 6.994992494583129883e-01 6.049771904945373535e-01 4.416397213935852051e-01 2.823436260223388672e-01 1.946647465229034424e-01 1.367341428995132446e-01 9.663539379835128784e-02 6.374927610158920288e-02 5.240087583661079407e-02 5.169791728258132935e-02 5.791226401925086975e-02 7.317776978015899658e-02 1.031635925173759460e-01 1.437154561281204224e-01 2.503214180469512939e-01 4.431321918964385986e-01 5.501010417938232422e-01 5.700891613960266113e-01 5.786835551261901855e-01 5.712122917175292969e-01 5.029401779174804688e-01 3.847593069076538086e-01 2.760513424873352051e-01 1.990500539541244507e-01 1.610338836908340454e-01 1.533485800027847290e-01 1.989727616310119629e-01 3.207670450210571289e-01 4.816194176673889160e-01 6.139344573020935059e-01 6.690075993537902832e-01 7.083066701889038086e-01 7.524995803833007812e-01 7.861422300338745117e-01
8.211224675178527832e-01 7.954201698303222656e-01 7.420361042022705078e-01 6.665574312210083008e-01 5.336644053459167480e-01 3.537592589855194092e-01 2.437066882848739624e-01 1.783313155174255371e-01 1.319051831960678101e-01 9.533688426017761230e-02 8.213625848293304443e-02 8.124064654111862183e-02 9.314718842506408691e-02 1.192156970500946045e-01 1.756778657436370850e-01 2.965985536575317383e-01 5.213161110877990723e-01 6.885872483253479004e-01 7.414579391479492188e-01 7.429873347282409668e-01 7.232211232185363770e-01 6.769277453422546387e-01 5.776403546333312988e-01 4.389055073261260986e-01 3.038874864578247070e-01 2.233356386423110962e-01 1.825245320796966553e-01 1.785038560628890991e-01 2.272963225841522217e-01 3.437291681766510010e-01 4.955927729606628418e-01 6.634977459907531738e-01 7.233639955520629883e-01 7.569479346275329590e-01 7.914541959762573242e-01 8.197082877159118652e-01
8.775343894958496094e-01 8.571529388427734375e-01 8.087226152420043945e-01 7.398194670677185059e-01 6.177200078964233398e-01 4.549643993377685547e-01 3.254652917385101318e-01 2.470566928386688232e-01 1.894085854291915894e-01 1.513325870037078857e-01 1.365306973457336426e-01 1.427584439516067505e-01 1.651385724544525146e-01 2.168563902378082275e-01 3.314889371395111084e-01 5.233180522918701172e-01 7.133303880691528320e-01 8.061482310295104980e-01 8.389850854873657227e-01 8.508020043373107910e-01 8.241829872131347656e-01 7.514380216598510742e-01 6.194317340850830078e-01 4.644305408000946045e-01 3.324269056320190430e-01 2.469749599695205688e-01 2.102223634719848633e-01 2.099706232547760010e-01 2.709298133850097656e-01 3.551307916641235352e-01 5.334783792495727539e-01 7.369670867919921875e-01 8.103363513946533203e-01 8.378577232360839844e-01 8.625932335853576660e-01 8.769183158874511719e-01
9.235044121742248535e-01 9.093917608261108398e-01 8.743914365768432617e-01 8.180145025253295898e-01 7.241714596748352051e-01 5.760145187377929688e-01 4.308208823204040527e-01 3.365170061588287354e-01 2.764427363872528076e-01 2.319523543119430542e-01 2.209265977144241333e-01 2.372573912143707275e-01 2.777732014656066895e-01 3.696013987064361572e-01 5.116072893142700195e-01 6.935735940933227539e-01 8.149750232696533203e-01 8.802070021629333496e-01 9.128858447074890137e-01 9.154759645462036133e-01 8.889591097831726074e-01 7.963667511940002441e-01 6.358215808868408203e-01 4.696311950683593750e-01 3.474915921688079834e-01 2.684587836265563965e-01 2.374091893434524536e-01 2.416426539421081543e-01 2.946859896183013916e-01 3.846476078033447266e-01 5.459281802177429199e-01 7.879268527030944824e-01 8.812732696533203125e-01 9.061352610588073730e-01 9.188791513442993164e-01 9.253766536712646484e-01
9.525992274284362793e-01 9.474087953567504883e-01 9.254024028778076172e-01 8.868111371994018555e-01 8.149278163909912109e-01 6.882570981979370117e-01 5.441822409629821777e-01 4.396371543407440186e-01 3.710218071937561035e-01 3.247687518596649170e-01 3.211192488670349121e-01 3.438419103622436523e-01 3.963176906108856201e-01 5.029211044311523438e-01 6.429488062858581543e-01 7.781913280487060547e-01 8.813121914863586426e-01 9.334555268287658691e-01 9.552158117294311523e-01 9.513177871704101562e-01 9.105721116065979004e-01 7.999242544174194336e-01 6.214976906776428223e-01 4.539698362350463867e-01 3.385799527168273926e-01 2.763988077640533447e-01 2.572018206119537354e-01 2.671452164649963379e-01 3.199126720428466797e-01 4.049587845802307129e-01 5.475872159004211426e-01 7.576226592063903809e-01 9.003553390502929688e-01 9.405673742294311523e-01 9.496034383773803711e-01 9.548848867416381836e-01
9.679501056671142578e-01 9.656243920326232910e-01 9.529828429222106934e-01 9.263778924942016602e-01 8.772135972976684570e-01 7.757071852684020996e-01 6.373382210731506348e-01 5.340595841407775879e-01 4.607141911983489990e-01 4.169247448444366455e-01 4.106272161006927490e-01 4.420108795166015625e-01 5.045344829559326172e-01 6.016584038734436035e-01 7.216804623603820801e-01 8.385214805603027344e-01 9.164557456970214844e-01 9.606866836547851562e-01 9.722245931625366211e-01 9.534152150154113770e-01 8.896973133087158203e-01 7.532125115394592285e-01 5.610725879669189453e-01 4.189297556877136230e-01 3.229490816593170166e-01 2.769388258457183838e-01 2.646253705024719238e-01 2.776658535003662109e-01 3.306252956390380859e-01 4.207281470298767090e-01 5.391865372657775879e-01 7.193855643272399902e-01 8.757818937301635742e-01 9.396736025810241699e-01 9.620355367660522461e-01 9.687203764915466309e-01
9.752070307731628418e-01 9.707383513450622559e-01 9.608395695686340332e-01 9.416174888610839844e-01 9.066433310508728027e-01 8.287495970726013184e-01 7.072097063064575195e-01 6.099542379379272461e-01 5.375283360481262207e-01 5.005151629447937012e-01 4.961334466934204102e-01 5.226327776908874512e-01 5.804083347320556641e-01 6.683896183967590332e-01 7.736656069755554199e-01 8.633543252944946289e-01 9.264406561851501465e-01 9.609437584877014160e-01 9.634277820587158203e-01 9.261830449104309082e-01 8.233470320701599121e-01 6.539071202278137207e-01 4.941705763339996338e-01 3.699273467063903809e-01 2.975831627845764160e-01 2.666488587856292725e-01 2.604189515113830566e-01 2.703492045402526855e-01 3.273816406726837158e-01 4.047588109970092773e-01 5.211348533630371094e-01 6.800698637962341309e-01 8.382954597473144531e-01 9.318737983703613281e-01 9.620272517204284668e-01 9.725793004035949707e-01
9.742084145545959473e-01 9.703099131584167480e-01 9.602203965187072754e-01 9.438848495483398438e-01 9.202601313591003418e-01 8.533427715301513672e-01 7.575852870941162109e-01 6.670224070549011230e-01 5.997597575187683105e-01 5.617530345916748047e-01 5.590026378631591797e-01 5.795680284500122070e-01 6.300196051597595215e-01 7.069882154464721680e-01 7.925670742988586426e-01 8.654919266700744629e-01 9.121109247207641602e-01 9.332211613655090332e-01 9.195406436920166016e-01 8.615317940711975098e-01 7.268118262290954590e-01 5.681647658348083496e-01 4.258884489536285400e-01 3.299070596694946289e-01 2.754696905612945557e-01 2.479283511638641357e-01 2.421149760484695435e-01 2.531018555164337158e-01 3.078539967536926270e-01 3.833158910274505615e-01 4.880506098270416260e-01 6.398297548294067383e-01 8.041158318519592285e-01 9.095779657363891602e-01 9.586670994758605957e-01 9.723966121673583984e-01
9.732207655906677246e-01 9.679108262062072754e-01 9.562631249427795410e-01 9.408277869224548340e-01 9.172570109367370605e-01 8.598888516426086426e-01 7.740537524223327637e-01 6.939227581024169922e-01 6.315814852714538574e-01 5.915722846984863281e-01 5.854380726814270020e-01 6.008534431457519531e-01 6.405529379844665527e-01 7.029705047607421875e-01 7.783464193344116211e-01 8.433676958084106445e-01 8.785613179206848145e-01 8.860860466957092285e-01 8.525431156158447266e-01 7.599400877952575684e-01 6.156927347183227539e-01 4.713528156280517578e-01 3.588660657405853271e-01 2.823637723922729492e-01 2.425094842910766602e-01 2.180333137512207031e-01 2.128646075725555420e-01 2.253011614084243774e-01 2.861709296703338623e-01 3.529133796691894531e-01 4.474249184131622314e-01 5.889559984207153320e-01 7.667484283447265625e-01 8.934926390647888184e-01 9.511952400207519531e-01 9.711814522743225098e-01
9.694034457206726074e-01 9.630940556526184082e-01 9.497520327568054199e-01 9.285350441932678223e-01 8.954784870147705078e-01 8.329738974571228027e-01 7.529278993606567383e-01 6.843847632408142090e-01 6.285603642463684082e-01 5.862833857536315918e-01 5.759308338165283203e-01 5.833526253700256348e-01 6.111633181571960449e-01 6.587578058242797852e-01 7.210710048675537109e-01 7.845971584320068359e-01 8.173915147781372070e-01 8.107424378395080566e-01 7.342963218688964844e-01 6.041749715805053711e-01 4.572634994983673096e-01 3.468767404556274414e-01 2.745500504970550537e-01 2.190550714731216431e-01 1.924208700656890869e-01 1.718162000179290771e-01 1.711967885494232178e-01 1.856301724910736084e-01 2.456569373607635498e-01 3.147920966148376465e-01 4.077889919281005859e-01 5.485989451408386230e-01 7.376461625099182129e-01 8.796486258506774902e-01 9.471249580383300781e-01 9.670551419258117676e-01
9.605500102043151855e-01 9.499261975288391113e-01 9.307533502578735352e-01 8.981018066406250000e-01 8.488520979881286621e-01 7.823584675788879395e-01 7.111688852310180664e-01 6.463258862495422363e-01 5.950475335121154785e-01 5.509663224220275879e-01 5.335547327995300293e-01 5.279815793037414551e-01 5.390026569366455078e-01 5.631982088088989258e-01 6.071611046791076660e-01 6.603688001632690430e-01 6.980336308479309082e-01 6.758581995964050293e-01 5.532307624816894531e-01 3.998711109161376953e-01 2.737745642662048340e-01 2.066405713558197021e-01 1.625316441059112549e-01 1.341032683849334717e-01 1.184245795011520386e-01 1.117364838719367981e-01 1.163529008626937866e-01 1.295991390943527222e-01 1.637607514858245850e-01 2.499881386756896973e-01 3.486857414245605469e-01 4.884287714958190918e-01 7.005836367607116699e-01 8.679118156433105469e-01 9.413771629333496094e-01 9.606295824050903320e-01
9.322383403778076172e-01 9.114842414855957031e-01 8.787004351615905762e-01 8.346769809722900391e-01 7.761467099189758301e-01 7.054616212844848633e-01 6.369009017944335938e-01 5.868101119995117188e-01 5.294006466865539551e-01 4.826417863368988037e-01 4.539303183555603027e-01 4.361267983913421631e-01 4.248408377170562744e-01 4.298387467861175537e-01 4.438064098358154297e-01 4.797704815864562988e-01 5.001459121704101562e-01 4.446697235107421875e-01 3.055903911590576172e-01 1.885617524385452271e-01 1.285932660102844238e-01 9.614468365907669067e-02 7.749631255865097046e-02 6.431067734956741333e-02 5.932655557990074158e-02 5.678356066346168518e-02 6.163603067398071289e-02 7.362158596515655518e-02 9.813613444566726685e-02 1.605736762285232544e-01 2.404462695121765137e-01 3.830003142356872559e-01 6.145746707916259766e-01 8.380457162857055664e-01 9.203999042510986328e-01 9.402987360954284668e-01
8.830652832984924316e-01 8.565617799758911133e-01 8.242850303649902344e-01 7.788533568382263184e-01 7.084476947784423828e-01 6.360076069831848145e-01 5.621442794799804688e-01 4.996836483478546143e-01 4.484419226646423340e-01 4.043866097927093506e-01 3.616751730442047119e-01 3.302727639675140381e-01 3.037429153919219971e-01 2.929047048091888428e-01 2.854505479335784912e-01 2.725346386432647705e-01 2.394790947437286377e-01 1.764736622571945190e-01 1.244438141584396362e-01 8.409862220287322998e-02 6.114372238516807556e-02 4.133313521742820740e-02 3.232961148023605347e-02 2.844121865928173065e-02 2.605260163545608521e-02 2.635094895958900452e-02 2.930089831352233887e-02 3.571660071611404419e-02 4.960449412465095520e-02 8.983187377452850342e-02 1.383703947067260742e-01 2.429187446832656860e-01 4.842670261859893799e-01 7.670581936836242676e-01 8.770154118537902832e-01 8.991946578025817871e-01
8.478441238403320312e-01 8.249551653861999512e-01 7.946525216102600098e-01 7.424785494804382324e-01 6.563075780868530273e-01 5.628274679183959961e-01 4.917888343334197998e-01 4.338198602199554443e-01 3.775734305381774902e-01 3.232966363430023193e-01 2.754865884780883789e-01 2.369362413883209229e-01 2.078187763690948486e-01 1.786093860864639282e-01 1.400232464075088501e-01 9.186939895153045654e-02 5.776698142290115356e-02 6.116432324051856995e-02 5.938203632831573486e-02 4.603530094027519226e-02 3.169178962707519531e-02 2.054749615490436554e-02 1.530002243816852570e-02 1.322556659579277039e-02 1.254142075777053833e-02 1.302694156765937805e-02 1.462600193917751312e-02 1.804008893668651581e-02 2.716778963804244995e-02 5.475817248225212097e-02 8.749660104513168335e-02 1.548232734203338623e-01 3.368105888366699219e-01 6.579241752624511719e-01 8.169751763343811035e-01 8.541129827499389648e-01
8.221031427383422852e-01 8.049123883247375488e-01 7.676774859428405762e-01 7.094361782073974609e-01 5.970894098281860352e-01 4.981520771980285645e-01 4.252273738384246826e-01 3.660992681980133057e-01 3.101026415824890137e-01 2.603939175605773926e-01 2.043212205171585083e-01 1.629935950040817261e-01 1.304550170898437500e-01 7.326554507017135620e-02 4.256623610854148865e-02 3.004305250942707062e-02 3.642228245735168457e-02 4.170177876949310303e-02 3.776668757200241089e-02 2.852417156100273132e-02 1.843207329511642456e-02 1.231415383517742157e-02 8.945567533373832703e-03 7.710816804319620132e-03 7.006147876381874084e-03 7.038392126560211182e-03 7.977719418704509735e-03 1.062416750937700272e-02 1.744446717202663422e-02 4.173105210065841675e-02 7.841613143682479858e-02 1.344000101089477539e-01 2.632872462272644043e-01 5.480138659477233887e-01 7.338668107986450195e-01 8.072612881660461426e-01
7.939612269401550293e-01 7.834196686744689941e-01 7.437254786491394043e-01 6.727811694145202637e-01 5.417088270187377930e-01 4.313279986381530762e-01 3.607825338840484619e-01 3.021921813488006592e-01 2.520837783813476562e-01 2.032219469547271729e-01 1.402303874492645264e-01 1.000363826751708984e-01 5.392572656273841858e-02 2.774335816502571106e-02 2.136097662150859833e-02 2.717957645654678345e-02 3.255521506071090698e-02 3.136174008250236511e-02 2.475151605904102325e-02 1.745020225644111633e-02 1.084078475832939148e-02 7.359526585787534714e-03 5.787315778434276581e-03 4.841635469347238541e-03 4.194209352135658264e-03 4.066565539687871933e-03 4.856463056057691574e-03 7.464728783816099167e-03 1.515416428446769714e-02 4.429843276739120483e-02 8.389029651880264282e-02 1.391596347093582153e-01 2.300452142953872681e-01 4.391904473304748535e-01 6.446282863616943359e-01 7.547903656959533691e-01
7.576718926429748535e-01 7.570264935493469238e-01 7.137256860733032227e-01 6.298016309738159180e-01 4.773550927639007568e-01 3.673293888568878174e-01 2.982664406299591064e-01 2.412251532077789307e-01 1.907632499933242798e-01 1.452482044696807861e-01 7.637554407119750977e-02 4.105949401855468750e-02 1.654357835650444031e-02 1.573878526687622070e-02 2.124200575053691864e-02 2.738945558667182922e-02 2.779999189078807831e-02 2.212182618677616119e-02 1.573365740478038788e-02 1.008514594286680222e-02 6.551119964569807053e-03 4.414154216647148132e-03 3.570826491340994835e-03 3.021947108209133148e-03 2.629015361890196800e-03 2.638216130435466766e-03 3.511106828227639198e-03 6.704234518110752106e-03 1.970102079212665558e-02 5.618906766176223755e-02 9.903384745121002197e-02 1.503521502017974854e-01 2.147616297006607056e-01 3.561958670616149902e-01 5.661607980728149414e-01 6.962995529174804688e-01
