-2.383107488698070320e+00 -2.495124335572845298e-01
-4.638395160546878060e+00 -2.094895783152252111e+00
-3.189858079150479142e+00 -1.533323611805845754e+00
-2.435137048417297834e+00 -2.067257372074262189e+00
-2.076544925093076532e+00 -1.595611162022597007e+00
2.971113489488792059e+00 -1.457482024246434804e+00
-1.163488273771216441e+00 1.712406250293111665e+00
1.203266515910705436e+00 -3.650889319517540699e-01
1.061631542040798015e+00 -2.041068866522460112e+00
-1.917046500274991461e+00 1.763905005156080064e+00
-2.314535477860346635e+00 5.928668652918974713e-01
2.997724732528608271e+00 3.087834259030078687e+00
1.709259639801163633e-01 5.076861387519993052e-01
-2.491213560124418080e+00 -8.104157178288293739e-01
2.663472585621990962e+00 -3.176533913811752652e-01
5.913112455017637270e-01 1.487996967967452511e+00
-2.749814737798581099e+00 -3.540239490236375186e+00
-1.381296583588061511e+00 -4.653318746143751738e+00
1.585137233203209317e-01 -1.445104389852686078e+00
2.560590011376964736e-01 1.113430511843246817e+00
2.636720129819657643e+00 -1.552444542324974863e+00
1.243528836752381572e+00 3.759713189836408898e+00
4.942396165315265044e+00 3.569699971359847623e+00
1.624223611797647848e+00 -1.916798049760473743e+00
-1.581520228379367898e+00 -3.060451211176629105e+00
