t,l2 loss,l1 loss,linf loss,l2 loss HSS,l1 loss HSS,linf loss HSS
0,0.4408577378078443,0.4394176189132694,0.5710074928259298,0.4136530183359563,0.41316960693171667,0.5337389501700808
2,0.13751459639881036,0.1331875727932234,0.730926207315008,0.06206390442949064,0.05811900870388661,0.8252516192005152
4,0.009476320013999211,0.005900408231568248,0.6792525464275685,0.00985839805496684,0.005897318063493221,0.5736536227277667
6,0.0018612839291500202,7.216940185345318e-05,0.250525144879959,0.00254223902650227,0.0002650721288809083,0.38082970665083593
8,0.0021899225817547624,4.30055400094083e-05,0.4277304553375362,0.001437545024610439,4.932993013886124e-05,0.2653718682201248
10,0.001836940434031405,2.6363636485129103e-05,0.4227433812666679,0.0008852608034334349,1.7589056029397875e-05,0.18878626651717414
12,0.00203291569189539,2.4942138208116422e-05,0.49598472225878015,0.0005608886400810699,8.410290963189658e-06,0.13160263742589773
14,0.001968732486429098,2.2654765311140263e-05,0.48396907366875913,0.0003880919166409752,4.811041557728197e-06,0.10872546539572198
16,0.0018131894086789557,1.9737886521322028e-05,0.4680046374355856,0.00031481414793974255,3.473201852238806e-06,0.10651515170127124
18,0.0016114019947612616,1.6799431674918257e-05,0.43297101616156525,0.00031504401992241073,3.3483499522399997e-06,0.1228040445298828
20,0.0015732440778517991,1.6101521214968918e-05,0.4424406881429456,0.00034091453991639837,3.406953495168268e-06,0.15961657209143165
22,0.0017247837368853309,1.7671131659039357e-05,0.4683204627742871,0.00030478676640099543,2.9849171202707366e-06,0.153385593703252
24,0.001605154470657066,1.6125855179418076e-05,0.43836402654132517,0.00032400553500671903,3.1471480684251523e-06,0.1571373484639942
26,0.0015520116358030602,1.5415843637287793e-05,0.42486887278535207,0.00032767786186299846,3.1949314025208625e-06,0.16112195344006264
28,0.0016568024456518437,1.6367873837500156e-05,0.45566243029787995,0.0003143620638382898,3.078875497473027e-06,0.15536578792171196
30,0.0016947092840437369,1.6741768258740368e-05,0.47445154585025834,0.00031819873139432423,3.1274189303824224e-06,0.15828354578302495
32,0.001544641124964908,1.5062019688563387e-05,0.43278835431100626,0.00031235398651163857,3.0597048463875444e-06,0.15327102001361592
34,0.0015484625028751395,1.5062808122546097e-05,0.45682478047564484,0.0003182990792190256,3.1370244357378534e-06,0.15397387798480733
36,0.001627858758674539,1.6023158528010867e-05,0.44587337731799753,0.0003201423929366832,3.108111365526628e-06,0.16855512304052833
38,0.0015907023792854113,1.549831799141647e-05,0.45762503243639924,0.0003190657192757688,3.1260371303569694e-06,0.15618581673281995
40,0.0015246823681353088,1.4719862388333063e-05,0.42978384438230477,0.0003227440790938554,3.1387278659837194e-06,0.16695712895428383
42,0.0017780180860870818,1.754611342350727e-05,0.495450392884987,0.00031708252578468,3.1037858102441134e-06,0.15601206919329969
44,0.001671991289044352,1.644167283092602e-05,0.46508891779399686,0.00032885285306461637,3.2167086691653968e-06,0.16562585921322548
46,0.0017530172186488446,1.7344748742470973e-05,0.486470327783715,0.0003167435903462954,3.1445214319642683e-06,0.15358719108103258
48,0.001636175392176878,1.604324244930271e-05,0.4529914414812369,0.00031569336672218043,3.1247598346681556e-06,0.15290745971201403
50,0.0015701999103449808,1.526014900944874e-05,0.4463302488424085,0.00031132339923259855,3.0384414936549683e-06,0.1581359511201833
52,0.0016058852747224159,1.5743509484904225e-05,0.44844919204196604,0.0003124424590007127,3.0809628574336085e-06,0.15703624542407735
54,0.0017131040171140372,1.6849125444242187e-05,0.4749868551649861,0.0003102814786224806,3.0510227241157288e-06,0.16206957321451299
56,0.0020745977352170366,2.1302417499137005e-05,0.5392281900665499,0.0002972259450261428,2.980049344480001e-06,0.15067114460021847
58,0.0017106332993489966,1.694133280161543e-05,0.44566609024298615,0.00030370756638635184,3.0405955201832683e-06,0.16091556450503675
60,0.001547727303907343,1.5016662817756557e-05,0.4417397042706385,0.0003071286923945477,3.062051453776831e-06,0.15296897170542223
62,0.001626458087689307,1.595215153215242e-05,0.43724443855955086,0.0003126638602566876,3.1082782289090203e-06,0.1615551255254566
64,0.0014693209057821616,1.4013364932729985e-05,0.43654766026212655,0.00031411704896774684,3.167639441625788e-06,0.15262165544031603
66,0.0016711283297098395,1.6375253810656694e-05,0.48412344224358644,0.0003188933276344733,3.167237090333897e-06,0.1677535001729441
68,0.001731556072600158,1.7211297634188104e-05,0.4716033975043111,0.00031869083821828097,3.1853637283906784e-06,0.15337607142923815
70,0.0018453830048325065,1.8515007643953875e-05,0.4976440226266557,0.0003248416182290476,3.2505159306685796e-06,0.170943540761323
72,0.002091616379373527,2.1381593504655833e-05,0.5482106417421835,0.0003287355913397793,3.2622968289159052e-06,0.1707665149663401
74,0.0020292415800866777,2.0571998663109463e-05,0.5278005172036728,0.00032167246286763154,3.2310019786505546e-06,0.16199840526865117
76,0.002097751357967549,2.1506507385666146e-05,0.5546250940631826,0.00033126053284341414,3.327165621502483e-06,0.167621303511016
78,0.0020453521158937194,2.087999188232975e-05,0.5466906752038323,0.00032274858641776524,3.259627560862908e-06,0.16048957010882703
80,0.0020801098704185113,2.1512877435854385e-05,0.5406922589561678,0.00030149273886875523,2.9850174761625427e-06,0.15184984904873278
82,0.0018976370749022124,1.921552622956961e-05,0.5269757060763783,0.0003309954027971683,3.2949620442074703e-06,0.17605933379989702
84,0.0019199208044358834,1.954574124399588e-05,0.49897886864640056,0.00034630421072784053,3.455017760149532e-06,0.16684984059368813
86,0.0018235268833708546,1.806289783491251e-05,0.5062656811631134,0.00031696079028478344,3.194461002882373e-06,0.16103644590662114
88,0.0018418395962659458,1.8446293789684193e-05,0.5019814889419978,0.00032711747721550705,3.2905713739685645e-06,0.17147381388058192
90,0.0021076349535316245,2.172780355851039e-05,0.5470331519846456,0.00033976140279754716,3.3877937533296352e-06,0.17067704839453224
92,0.0018581963430776061,1.8626867827914898e-05,0.5009146442565567,0.00033761167644662493,3.367305274841245e-06,0.17998341948310004
94,0.0021017097488176106,2.1560988008869173e-05,0.5639616127650452,0.0003520689746133998,3.519326529522329e-06,0.1747488064752205
96,0.0022943813348016723,2.423044884343188e-05,0.5932882313203376,0.000317288222862543,3.202582591331902e-06,0.1638614763601275
98,0.0020368368289412127,2.0876562475800757e-05,0.5434243291620748,0.0003198313334978634,3.198393984122608e-06,0.17029581708654884
