-4.053772091865539551e-01 3.327037766575813293e-02 9.176446795463562012e-01 -9.343176335096359253e-02 -4.116709530353546143e-01 -4.318813681602478027e-01 1.186770796775817871e-01 -5.640943050384521484e-01 1.719777733087539673e-01 -3.479844927787780762e-01 -1.991153806447982788e-01 -8.255056738853454590e-01 -1.222249031066894531e+00 9.264077544212341309e-01 4.656914174556732178e-01 5.058775544166564941e-01 3.418753743171691895e-01 -5.191816687583923340e-01 -4.494241178035736084e-01 -1.089610159397125244e-01 -1.357718110084533691e-01 3.705911934375762939e-01 1.303094327449798584e-01 5.207502245903015137e-01 1.184502467513084412e-01 9.364710003137588501e-02 -2.136962711811065674e-01 -2.258711904287338257e-01 8.656569123268127441e-01 2.165515571832656860e-01
4.577646255493164062e-01 -1.831080764532089233e-01 1.660162061452865601e-01 5.296944975852966309e-01 -4.953382536768913269e-02 -6.195594668388366699e-01 -1.755988746881484985e-01 -1.020006462931632996e-02 -2.746073901653289795e-01 -2.703410983085632324e-01 2.068245410919189453e-01 4.842357337474822998e-01 2.562814578413963318e-02 1.994368880987167358e-01 6.993724703788757324e-01 6.519296169281005859e-01 -2.894362248480319977e-02 -1.952341496944427490e-01 3.467186093330383301e-01 1.624798588454723358e-02 4.043671190738677979e-01 -3.214332759380340576e-01 -6.251707077026367188e-01 6.614577770233154297e-02 -5.309790000319480896e-02 -1.306980252265930176e-01 -3.576839864253997803e-01 -5.798494070768356323e-02 2.826394438743591309e-01 2.203782051801681519e-01
4.680612981319427490e-01 3.406864404678344727e-01 -1.271100789308547974e-01 -5.440602451562881470e-02 -8.178072571754455566e-01 3.032783567905426025e-01 8.205174803733825684e-01 -4.810794591903686523e-01 -5.802749395370483398e-01 -7.043972611427307129e-01 2.106116563081741333e-01 4.212810993194580078e-01 3.738552927970886230e-01 -5.089003443717956543e-01 -5.097771286964416504e-01 -4.788076505064964294e-03 -1.261310186237096786e-02 2.083830721676349640e-02 -2.602166831493377686e-01 6.059841439127922058e-02 -2.770353555679321289e-01 -4.462662637233734131e-01 1.752309650182723999e-01 1.071308925747871399e-02 -1.418163180351257324e+00 -2.154502570629119873e-01 -7.114020735025405884e-02 -1.415637731552124023e-01 -3.917782753705978394e-02 1.190563082695007324e+00
-3.754895925521850586e-01 5.963067412376403809e-01 -1.159236282110214233e-01 6.936414837837219238e-01 2.890095710754394531e-01 -1.182732451707124710e-02 1.142032891511917114e-01 -6.440370082855224609e-01 -2.032857686281204224e-01 4.567905664443969727e-01 -3.456634283065795898e-01 3.488988578319549561e-01 -2.510836422443389893e-01 9.168975055217742920e-02 -2.203276455402374268e-01 2.354340255260467529e-01 8.071045279502868652e-01 4.877113401889801025e-01 6.670966744422912598e-01 2.675893902778625488e-01 5.169444680213928223e-01 2.452054619789123535e-02 -2.407673373818397522e-02 3.494603186845779419e-02 -3.556216359138488770e-01 2.047442495822906494e-01 1.107756257057189941e+00 -4.327730834484100342e-01 -1.133337616920471191e+00 3.532643318176269531e-01
3.481128215789794922e-01 3.134119808673858643e-01 1.729270368814468384e-01 -7.756454497575759888e-02 -4.093552231788635254e-01 4.772496223449707031e-01 3.898700177669525146e-01 2.716526389122009277e-01 9.503196179866790771e-02 -7.007463574409484863e-01 2.464399188756942749e-01 4.053351283073425293e-02 -1.605167537927627563e-01 -2.048005014657974243e-01 2.321070581674575806e-01 -4.355223476886749268e-01 -4.565857648849487305e-01 -4.257120490074157715e-01 -5.196778178215026855e-01 2.243779003620147705e-01 1.147222399711608887e+00 -4.122359752655029297e-01 -6.338550448417663574e-01 6.349257826805114746e-01 -3.648551702499389648e-01 4.509320855140686035e-01 2.411891967058181763e-01 6.932888925075531006e-02 -2.351064234972000122e-01 9.315405488014221191e-01
-8.468421101570129395e-01 -3.885850608348846436e-01 2.838291525840759277e-01 3.738449811935424805e-01 -1.157763600349426270e-01 1.145386919379234314e-01 1.168963089585304260e-01 -2.666880190372467041e-01 -1.018484234809875488e-01 -3.913988769054412842e-01 -2.444505691528320312e-01 5.609632730484008789e-01 6.943166255950927734e-02 5.209847092628479004e-01 -2.757624983787536621e-01 -4.217839539051055908e-01 -4.375216662883758545e-01 9.078021049499511719e-01 -2.278034389019012451e-01 1.085942611098289490e-01 -2.959378063678741455e-01 1.383916735649108887e-01 -4.774030447006225586e-01 -2.537379860877990723e-01 -9.874844551086425781e-02 1.168543398380279541e-01 5.373216867446899414e-01 1.147057563066482544e-01 -4.405041635036468506e-01 -3.893445134162902832e-01
-4.411672949790954590e-01 -9.879662096500396729e-02 2.981440722942352295e-01 -1.793058663606643677e-01 -2.738637328147888184e-01 -2.745206654071807861e-01 -2.442770600318908691e-01 -4.301529526710510254e-01 9.236782789230346680e-02 1.611992120742797852e-01 -2.481627762317657471e-01 -2.397785894572734833e-02 4.677802920341491699e-01 -1.284013986587524414e-01 2.669672667980194092e-01 -2.762841880321502686e-01 1.659850031137466431e-01 3.744540512561798096e-01 2.339302748441696167e-02 7.696874737739562988e-01 5.874326229095458984e-01 4.213387370109558105e-01 -1.549566239118576050e-01 6.430339068174362183e-02 5.861502140760421753e-02 -3.669097423553466797e-01 6.789083480834960938e-01 2.521475218236446381e-02 -2.838043868541717529e-01 1.134283840656280518e-01
4.289906024932861328e-01 4.785612821578979492e-01 2.899725437164306641e-01 3.709319531917572021e-01 -2.871396839618682861e-01 6.900761723518371582e-01 3.171878159046173096e-01 1.065527081489562988e+00 2.837708778679370880e-02 -1.076727509498596191e+00 6.031545996665954590e-01 7.496487814933061600e-03 1.179690659046173096e-01 -5.842782855033874512e-01 -5.151677727699279785e-01 -2.942828536033630371e-01 -2.621047794818878174e-01 -3.850146830081939697e-01 5.936060547828674316e-01 4.325328022241592407e-02 -3.392945826053619385e-01 -1.879615187644958496e-01 -4.722358584403991699e-01 -2.190322149544954300e-03 8.309198021888732910e-01 -2.090245932340621948e-01 6.436243653297424316e-01 5.447651743888854980e-01 -3.422506526112556458e-02 3.206440210342407227e-01
9.632859379053115845e-03 -4.814731776714324951e-01 -3.534446358680725098e-01 -3.789919316768646240e-01 -2.456596046686172485e-01 8.326178044080734253e-02 1.087509766221046448e-01 5.461522340774536133e-01 -5.189146101474761963e-02 9.371056556701660156e-01 -3.460364341735839844e-01 4.785221815109252930e-01 4.542959034442901611e-01 6.572843790054321289e-01 6.833853721618652344e-01 -4.457299709320068359e-01 -2.934616804122924805e-01 -7.390095293521881104e-02 -4.688582718372344971e-01 4.276385307312011719e-01 3.113842010498046875e-01 2.057432085275650024e-01 -2.967275381088256836e-01 -7.714713364839553833e-02 9.216331243515014648e-01 5.623486638069152832e-02 4.081750512123107910e-01 -8.948063850402832031e-02 2.127524912357330322e-01 3.050633966922760010e-01
4.704286456108093262e-01 -8.665764331817626953e-02 -6.437912583351135254e-02 -2.382409721612930298e-01 2.692501842975616455e-01 3.707979917526245117e-01 -3.460409641265869141e-01 -8.230388164520263672e-01 9.199761599302291870e-02 3.197218477725982666e-01 -4.870124161243438721e-01 8.019897937774658203e-01 1.612150669097900391e-01 -1.892007887363433838e-01 1.823588907718658447e-01 -8.049898743629455566e-01 1.260957121849060059e-01 -3.034892082214355469e-01 -3.580040931701660156e-01 -5.504457950592041016e-01 2.190963476896286011e-01 6.075010299682617188e-01 -2.114586979150772095e-01 -2.943753898143768311e-01 -3.967776298522949219e-01 3.571631610393524170e-01 -2.983768284320831299e-01 2.970775030553340912e-02 -3.670396655797958374e-02 1.983961462974548340e-01
3.482227027416229248e-01 1.343119859695434570e+00 3.201147317886352539e-01 1.562339663505554199e-01 -1.765039563179016113e-01 4.616684317588806152e-01 3.626727266237139702e-03 -1.979550123214721680e-01 -6.798686385154724121e-01 2.953200601041316986e-02 -7.506497502326965332e-01 1.282816827297210693e-01 7.027211785316467285e-01 2.783693373203277588e-01 -3.370436728000640869e-01 2.191783189773559570e-01 -4.835301637649536133e-01 -2.565923035144805908e-01 4.804893136024475098e-01 3.429053425788879395e-01 -6.965985894203186035e-01 -1.614345312118530273e-01 1.356766223907470703e-01 -1.869818419218063354e-01 6.851914525032043457e-01 -7.973864674568176270e-01 1.393003314733505249e-01 1.775349974632263184e-01 8.076371625065803528e-03 4.202966690063476562e-01
1.290651224553585052e-02 8.404526859521865845e-02 3.330673873424530029e-01 2.616936862468719482e-01 -9.514115452766418457e-01 -6.702496409416198730e-01 -2.038583159446716309e-01 -6.528673171997070312e-01 1.436230912804603577e-02 -1.011876538395881653e-01 -1.632121503353118896e-01 -2.288465946912765503e-01 2.859862148761749268e-01 -6.252474337816238403e-02 -6.511498689651489258e-01 4.759999513626098633e-01 -1.437813520431518555e+00 9.148522019386291504e-01 3.435545861721038818e-01 2.466945499181747437e-01 -3.083254098892211914e-01 -3.959367573261260986e-01 4.923768341541290283e-01 4.290651679039001465e-01 1.007906440645456314e-02 -1.207544684410095215e+00 -3.557881414890289307e-01 9.370774030685424805e-01 -7.050237059593200684e-01 3.906047642230987549e-01
-3.895912766456604004e-01 -4.699989259243011475e-01 -4.487384259700775146e-01 2.765310555696487427e-02 9.698902368545532227e-01 2.112883329391479492e-01 -2.843391299247741699e-01 1.679029166698455811e-01 -3.761872947216033936e-01 -5.591320991516113281e-01 -2.626815810799598694e-02 -9.168047904968261719e-01 7.610869407653808594e-02 4.086059927940368652e-01 8.202437893487513065e-04 1.784485280513763428e-01 4.429397583007812500e-01 -1.771288514137268066e-01 -6.013531982898712158e-02 -2.863119840621948242e-01 -3.350907266139984131e-01 -7.655794173479080200e-02 3.700480759143829346e-01 -3.088536560535430908e-01 -3.667283058166503906e-01 1.426392793655395508e-01 -3.364082053303718567e-02 -5.185272097587585449e-01 -1.094777211546897888e-01 6.778460741043090820e-01
2.056916803121566772e-01 3.780766427516937256e-01 6.816305518150329590e-01 -2.651038467884063721e-01 -1.877651549875736237e-02 -1.607224047183990479e-01 3.651702105998992920e-01 -3.724919855594635010e-01 3.922530412673950195e-01 8.779375255107879639e-02 8.492472767829895020e-01 -4.412886202335357666e-01 -6.892827153205871582e-01 -2.794031500816345215e-01 -5.567463636398315430e-01 6.346952915191650391e-01 4.794373810291290283e-01 1.006450653076171875e+00 -1.793372482061386108e-01 2.837466597557067871e-01 9.664534777402877808e-02 -1.690462827682495117e-01 -9.577487111091613770e-01 -3.391964733600616455e-02 -7.459654659032821655e-02 -4.643857479095458984e-01 -2.010725885629653931e-01 -7.606500983238220215e-01 -4.137758314609527588e-01 6.429026722908020020e-01
-2.450534999370574951e-01 -9.097541123628616333e-02 1.054038926959037781e-01 1.587217897176742554e-01 5.002190172672271729e-02 1.755149848759174347e-02 1.101181879639625549e-01 -8.731778711080551147e-02 -2.961225435137748718e-02 -3.274726569652557373e-01 -1.693274080753326416e-01 -2.217961102724075317e-01 -1.833290904760360718e-01 -6.620727777481079102e-01 -1.644947230815887451e-01 -9.277419745922088623e-02 -5.214481353759765625e-01 -2.143638283014297485e-01 -5.943391919136047363e-01 2.487124800682067871e-01 2.279583662748336792e-01 -7.467606663703918457e-01 -4.540809988975524902e-01 -9.188412874937057495e-02 3.828440010547637939e-01 -2.325003892183303833e-01 -2.847852408885955811e-01 6.077779531478881836e-01 -7.856107950210571289e-01 3.296885788440704346e-01
5.963752865791320801e-01 3.695742785930633545e-01 4.703265726566314697e-01 1.330337226390838623e-01 3.500297963619232178e-01 2.936712205410003662e-01 -6.581669449806213379e-01 -1.306775491684675217e-02 3.966508805751800537e-01 -2.432811111211776733e-01 -1.567425429821014404e-01 2.244369685649871826e-01 -3.899811804294586182e-01 -2.925511896610260010e-01 -1.860443502664566040e-01 -4.936500489711761475e-01 1.588015258312225342e-01 -1.437345594167709351e-01 -9.465381503105163574e-02 7.005257010459899902e-01 2.606114447116851807e-01 -7.520688325166702271e-02 4.495247080922126770e-02 5.622931122779846191e-01 1.472161989659070969e-02 -2.375852912664413452e-01 -2.144552767276763916e-01 8.490878343582153320e-01 2.181542664766311646e-01 4.997100234031677246e-01
3.696800768375396729e-01 1.012761369347572327e-01 9.832835756242275238e-03 -5.578296184539794922e-01 -4.602447897195816040e-02 -2.244010567665100098e-01 -2.618802487850189209e-01 3.542596995830535889e-01 -1.465437889099121094e+00 -5.313684940338134766e-01 -7.929648458957672119e-02 -8.591201305389404297e-01 -2.249694019556045532e-01 -4.416781961917877197e-01 -4.844656214118003845e-03 -2.120195776224136353e-01 9.764286130666732788e-02 -5.909209847450256348e-01 6.180282235145568848e-01 1.737861186265945435e-01 -9.162328243255615234e-01 -3.055671155452728271e-01 -1.015166267752647400e-01 4.221119284629821777e-01 -4.064759910106658936e-01 -5.829210281372070312e-01 7.801405619829893112e-03 -9.406970441341400146e-02 -3.877717554569244385e-01 1.027389988303184509e-01
4.033209383487701416e-01 -2.335965633392333984e-02 -4.354202374815940857e-02 -8.428376317024230957e-01 7.305055260658264160e-01 -4.146211743354797363e-01 -6.276443600654602051e-01 -3.699774742126464844e-01 -6.736233830451965332e-02 -8.793758749961853027e-01 2.985669858753681183e-02 -1.539927572011947632e-01 -4.839222431182861328e-01 2.196054607629776001e-01 2.782695889472961426e-01 -1.091620683670043945e+00 3.279936313629150391e-01 -3.950265347957611084e-01 -5.498653650283813477e-01 1.744466572999954224e-01 -4.553999006748199463e-02 -2.384600490331649780e-01 2.148016244173049927e-01 -2.190635055303573608e-01 8.152729272842407227e-02 -5.639144182205200195e-01 5.366195440292358398e-01 -2.704786956310272217e-01 2.891506627202033997e-02 2.854414880275726318e-01
4.842741787433624268e-02 -1.832583695650100708e-01 -4.596837759017944336e-01 1.756645292043685913e-01 -7.055986523628234863e-01 1.705572158098220825e-01 -4.423900842666625977e-01 -4.650362432003021240e-01 7.914028167724609375e-01 -1.040497329086065292e-02 2.252393960952758789e-01 -4.525430500507354736e-01 -1.993806213140487671e-01 -2.260303050279617310e-01 1.454426795244216919e-01 3.469245731830596924e-01 -8.509934544563293457e-01 -7.671257257461547852e-01 -5.570952892303466797e-01 -8.390396237373352051e-01 3.412976562976837158e-01 1.931665837764739990e-01 3.440543115139007568e-01 -4.192966222763061523e-01 1.855984032154083252e-01 7.045521587133407593e-02 -5.507879257202148438e-01 4.478892087936401367e-01 -1.086324810981750488e+00 -4.781822562217712402e-01
-5.886771082878112793e-01 1.043127700686454773e-01 -4.506391286849975586e-01 -3.783979713916778564e-01 -2.979792654514312744e-01 -4.486960768699645996e-01 -1.008339449763298035e-01 3.229837119579315186e-01 -8.187546730041503906e-01 -6.787959933280944824e-01 -4.176821112632751465e-01 3.555340766906738281e-01 -4.331925511360168457e-02 2.255636453628540039e-01 -6.522732228040695190e-02 -4.408099353313446045e-01 9.153050780296325684e-01 5.032735466957092285e-01 5.939768552780151367e-01 1.012205034494400024e-01 2.896923720836639404e-01 4.799808859825134277e-01 2.571134269237518311e-01 -1.694115847349166870e-01 -5.952163133770227432e-03 2.736321091651916504e-01 1.047225445508956909e-01 -1.455065608024597168e-01 6.539577245712280273e-01 6.173930764198303223e-01
8.192291855812072754e-02 -6.297179311513900757e-02 6.389149427413940430e-01 9.115783572196960449e-01 -4.414837658405303955e-01 4.257471859455108643e-01 -8.952718973159790039e-02 -2.648449838161468506e-01 2.403914928436279297e-01 5.254178643226623535e-01 4.472634196281433105e-01 7.218399643898010254e-01 2.911900281906127930e-01 -9.934772849082946777e-01 -1.488180398941040039e+00 -8.081650733947753906e-02 -6.995166838169097900e-02 1.055604070425033569e-01 4.019455313682556152e-01 -3.221730887889862061e-01 4.286656528711318970e-02 -1.204453222453594208e-02 -3.036119639873504639e-01 2.570583522319793701e-01 2.144443690776824951e-01 -5.144286528229713440e-02 7.906686514616012573e-02 -1.542594581842422485e-01 -2.289903163909912109e-01 -2.354230135679244995e-01
-1.155139923095703125e+00 6.741502881050109863e-02 7.844468951225280762e-02 2.793640196323394775e-01 -1.263604611158370972e-01 -1.723954677581787109e-01 6.461043357849121094e-01 5.818147063255310059e-01 4.907357990741729736e-01 6.596705317497253418e-02 7.077601552009582520e-01 2.843978703022003174e-01 4.622265696525573730e-01 3.281936049461364746e-02 -6.544501185417175293e-01 -5.948672294616699219e-01 2.708354890346527100e-01 -5.011298507452011108e-02 2.831564843654632568e-01 9.284063428640365601e-02 -7.769901752471923828e-01 -1.718522906303405762e-01 -3.881989717483520508e-01 -1.858121603727340698e-01 -5.062229931354522705e-03 8.949520587921142578e-01 2.206484675407409668e-01 3.569981753826141357e-01 -6.118683218955993652e-01 -4.401034712791442871e-01
-2.792856693267822266e-01 -7.255448102951049805e-01 -2.176893502473831177e-01 4.186971485614776611e-01 -1.182974427938461304e-01 -6.440215557813644409e-02 -8.988014608621597290e-02 3.624057769775390625e-01 4.573112726211547852e-01 -6.405224800109863281e-01 4.559335410594940186e-01 -2.697612047195434570e-01 -1.110585331916809082e-01 -5.302004814147949219e-01 -8.051304519176483154e-02 3.485798835754394531e-01 -1.829204857349395752e-01 2.366389632225036621e-01 -2.048282921314239502e-01 2.816523611545562744e-01 3.223828971385955811e-01 6.252033114433288574e-01 -1.086756825447082520e+00 -3.106575012207031250e-01 -2.645443975925445557e-01 1.112351894378662109e+00 -5.108842253684997559e-01 2.677867710590362549e-01 6.905471086502075195e-01 1.140491804108023643e-03
9.145046472549438477e-01 4.936204850673675537e-02 -2.723071575164794922e-01 6.589042544364929199e-01 -1.110462546348571777e-01 -9.819869995117187500e-01 -1.665070801973342896e-01 -2.642766237258911133e-01 8.859263658523559570e-01 -1.790508478879928589e-01 -4.879780858755111694e-02 1.254858076572418213e-01 -4.504101872444152832e-01 3.792660534381866455e-01 -7.915304899215698242e-01 2.762867696583271027e-02 2.158425897359848022e-01 -3.818596154451370239e-02 4.119193851947784424e-01 -1.796959489583969116e-01 -3.567592501640319824e-01 -1.256842851638793945e+00 7.797807455062866211e-01 1.175782829523086548e-02 -3.361342549324035645e-01 1.671551018953323364e-01 6.957364082336425781e-01 7.663241028785705566e-01 -8.977091312408447266e-02 3.182905018329620361e-01
-2.758543491363525391e-01 -6.763389706611633301e-01 2.901642620563507080e-01 -9.930139780044555664e-02 -1.484609246253967285e-01 8.541955053806304932e-02 6.662627458572387695e-01 -3.238524496555328369e-01 7.719772458076477051e-01 2.068141251802444458e-01 2.063953131437301636e-01 -2.153712064027786255e-01 -4.873282611370086670e-01 -1.107402965426445007e-01 6.997408270835876465e-01 -3.000467121601104736e-01 8.925399929285049438e-02 -1.114394962787628174e-01 6.582540273666381836e-01 2.921360731124877930e-01 -3.005264885723590851e-02 3.794313371181488037e-01 6.238625645637512207e-01 6.929390430450439453e-01 9.792254567146301270e-01 -9.833209961652755737e-02 7.409948110580444336e-01 2.675447762012481689e-01 -1.723709851503372192e-01 2.933037877082824707e-01
