#! FIELDS time phi psi restraint.bias
#! SET min_phi -pi
#! SET max_phi pi
#! SET min_psi -pi
#! SET max_psi pi
 0.000000 -2.794730 2.832187 526.439749
 0.200000 1.581224 -1.856416 36.455212
 0.400000 1.327889 -1.101146 0.163906
 0.600000 1.210668 -0.989625 0.648530
 0.800000 1.100146 -1.134713 2.564589
 1.000000 1.218871 -1.094527 0.518540
 1.200000 1.181117 -1.048423 0.817665
 1.400000 0.913925 -0.969418 8.105552
 1.600000 1.279988 -1.175348 0.864440
 1.800000 0.885325 -0.980747 9.194719
 2.000000 1.230593 -1.224549 1.881716
 2.200000 1.198211 -1.062033 0.624752
 2.400000 1.231097 -1.222906 1.848760
 2.600000 1.212648 -1.167272 1.186157
 2.800000 1.175699 -0.904354 1.907139
 3.000000 1.169834 -0.906803 1.952380
 3.200000 1.295085 -1.220110 1.506298
 3.400000 1.038414 -0.670413 10.755213
 3.600000 1.341314 -1.234970 1.816992
 3.800000 1.110646 -0.977352 2.210247
 4.000000 1.150977 -0.859548 3.007206
 4.200000 1.103610 -0.915971 2.968788
 4.400000 1.075367 -0.793856 5.935617
 4.600000 1.054083 -1.038510 3.252570
 4.800000 1.073808 -0.947416 3.262377
 5.000000 1.145087 -1.080574 1.399243
 5.200000 1.272432 -0.713180 5.641952
 5.400000 0.958517 -0.998774 6.258339
 5.600000 1.232900 -1.159046 0.916075
 5.800000 1.222074 -0.894040 1.549088
 6.000000 1.207552 -0.800867 3.546004
 6.200000 1.214431 -1.200063 1.616952
 6.400000 1.133658 -0.921955 2.320123
 6.600000 1.148261 -0.942160 1.842309
 6.800000 1.128435 -0.905687 2.629899
 7.000000 1.145540 -1.351048 5.955001
 7.200000 1.138261 -1.065274 1.473932
 7.400000 1.185842 -1.085790 0.833116
 7.600000 1.192864 -1.001166 0.779757
 7.800000 1.150884 -0.909740 2.193273
 8.000000 1.217025 -1.234753 2.183550
 8.200000 1.355450 -0.994730 0.245057
 8.400000 1.026227 -0.914449 4.877573
 8.600000 1.291950 -0.965286 0.349191
 8.800000 0.997722 -0.901771 5.900398
 9.000000 1.232356 -0.952117 0.744728
 9.200000 1.209248 -1.097655 0.625215
 9.400000 1.364994 -0.965106 0.492967
 9.600000 1.154966 -0.822490 3.708640
 9.800000 1.187961 -0.725714 5.896862
 10.000000 1.160160 -1.114341 1.333578
 10.200000 1.136884 -0.763289 5.508440
 10.400000 1.058241 -1.078874 3.194227
 10.600000 0.885578 -1.096608 9.086422
 10.800000 0.979416 -0.970687 5.722918
 11.000000 1.125055 -0.717563 7.121351
 11.200000 1.157930 -1.002510 1.240372
 11.400000 1.073626 -1.154457 3.346073
 11.600000 1.181351 -0.811445 3.591266
 11.800000 1.047839 -0.967597 3.726019
 12.000000 1.020248 -0.794304 7.363876
 12.200000 1.159391 -0.735686 5.967925
 12.400000 1.190910 -0.856391 2.515652
 12.600000 1.204836 -1.133581 0.916357
 12.800000 0.996753 -0.808657 7.717338
 13.000000 1.121083 -0.871663 3.304370
 13.200000 1.185276 -0.866071 2.403834
 13.400000 1.289146 -0.807268 2.895664
 13.600000 1.051914 -0.879119 4.715293
 13.800000 1.219397 -1.237256 2.209299
 14.000000 1.224763 -0.923971 1.112752
 14.200000 1.161992 -0.957068 1.485710
 14.400000 1.141590 -0.691066 7.739153
 14.600000 1.168713 -1.254870 3.142301
 14.800000 1.222236 -1.188501 1.376024
 15.000000 1.128004 -1.009811 1.707325
 15.200000 1.081926 -1.353164 7.261658
 15.400000 1.003202 -1.088611 4.761463
 15.600000 1.134371 -1.075183 1.564020
 15.800000 1.091254 -1.166176 3.079395
 16.000000 1.128769 -0.995321 1.758030
 16.200000 1.299454 -0.801310 3.025185
 16.400000 1.113968 -0.802583 4.891117
 16.600000 1.218642 -0.847402 2.402102
 16.800000 1.089110 -1.032530 2.427977
 17.000000 1.187726 -0.886435 2.025920
 17.200000 1.342407 -1.090416 0.149649
 17.400000 1.098726 -0.739143 6.952434
 17.600000 1.180278 -1.007202 0.907930
 17.800000 1.111136 -1.090879 2.053148
 18.000000 1.084434 -0.843443 4.595083
 18.200000 1.204827 -0.987658 0.719161
 18.400000 1.226845 -0.866520 1.967849
 18.600000 1.110002 -1.157384 2.587941
 18.800000 1.041864 -1.409612 10.138563
 19.000000 1.216631 -0.911485 1.346074
 19.200000 1.210382 -0.948501 0.972274
 19.400000 1.117535 -0.863987 3.509277
 19.600000 1.141257 -1.035599 1.413329
 19.800000 1.157991 -1.020467 1.175503
 20.000000 1.196196 -0.866000 2.275991
 20.200000 1.012358 -0.957505 4.800897
 20.400000 1.302380 -1.181139 0.900506
 20.600000 1.115692 -0.963628 2.216581
 20.800000 1.293810 -0.996123 0.141455
 21.000000 1.085572 -0.819475 5.086433
 21.200000 1.211748 -0.789011 3.803284
 21.400000 1.018646 -0.897020 5.341201
 21.600000 1.089807 -0.739508 7.132701
 21.800000 1.127188 -0.838893 3.820108
 22.000000 1.143221 -1.010307 1.441651
 22.200000 1.084190 -1.011774 2.589141
 22.400000 1.263362 -1.177009 0.947917
 22.600000 1.169390 -1.069680 0.999902
 22.800000 1.042432 -1.084878 3.624029
 23.000000 1.288740 -0.896091 1.160688
 23.200000 1.123765 -1.075338 1.755294
 23.400000 1.063205 -0.842546 5.112643
 23.600000 1.139544 -1.020027 1.472242
 23.800000 1.210457 -1.065428 0.502234
 24.000000 1.080142 -1.002918 2.716167
 24.200000 1.080420 -1.049880 2.612598
 24.400000 1.211849 -0.917028 1.317764
 24.600000 1.098701 -0.910018 3.150661
 24.800000 1.287156 -0.859116 1.790727
 25.000000 1.157836 -0.920096 1.948874
 25.200000 1.163549 -0.808540 3.903185
 25.400000 0.923717 -1.147308 7.923853
 25.600000 1.219335 -0.977126 0.646717
 25.800000 1.293910 -0.994705 0.148634
 26.000000 1.249232 -0.973171 0.451824
 26.200000 1.182373 -1.196419 1.916398
 26.400000 1.226793 -1.027973 0.356105
 26.600000 1.199702 -1.103940 0.758730
 26.800000 1.038774 -1.159185 4.278976
 27.000000 1.255202 -0.942529 0.691418
 27.200000 1.286293 -0.767980 3.921158
 27.400000 1.130678 -0.915042 2.461733
 27.600000 1.053051 -0.916680 4.125699
 27.800000 1.047344 -0.847268 5.419593
 28.000000 1.194663 -0.865924 2.294772
 28.200000 1.159122 -1.172686 1.911608
 28.400000 1.102485 -0.769186 5.994038
 28.600000 1.270989 -0.917566 0.911158
 28.800000 1.146872 -0.950827 1.777540
 29.000000 1.278491 -0.913011 0.945504
 29.200000 1.149892 -0.863638 2.948518
 29.400000 0.971691 -1.289253 8.620459
 29.600000 1.122385 -0.965675 2.072582
 29.800000 1.105118 -1.069250 2.102716
 30.000000 1.161484 -1.237667 2.903684
 30.200000 1.182922 -0.934767 1.425595
 30.400000 1.108315 -0.892434 3.209599
 30.600000 1.287994 -0.967518 0.338704
 30.800000 1.275514 -1.099169 0.191593
 31.000000 1.044694 -1.023049 3.521542
 31.200000 1.228988 -1.093431 0.427346
 31.400000 1.044222 -1.148716 4.021400
 31.600000 1.272428 -1.099445 0.203838
 31.800000 1.138652 -0.851973 3.354480
 32.000000 1.387572 -0.986496 0.492400
 32.200000 1.268210 -0.826664 2.512745
 32.400000 1.116462 -0.910989 2.779661
 32.600000 1.085403 -1.147893 3.007525
 32.800000 1.101297 -1.058339 2.163144
 33.000000 1.180755 -0.931692 1.488166
 33.200000 1.133927 -1.103954 1.693974
 33.400000 1.015030 -0.834038 6.590404
 33.600000 1.269731 -0.979060 0.308537
 33.800000 1.295829 -1.034296 0.016858
 34.000000 1.174310 -1.023778 0.934136
 34.200000 1.158347 -1.181803 2.041912
 34.400000 1.173813 -0.682567 7.557865
 34.600000 0.876199 -1.046182 9.365449
 34.800000 1.068340 -0.893433 4.076302
 35.000000 1.199161 -0.935619 1.224524
 35.200000 1.133876 -1.117174 1.778773
 35.400000 1.133765 -0.882292 2.893286
 35.600000 1.064468 -0.941947 3.542401
 35.800000 1.078048 -0.753773 6.968743
 36.000000 1.152319 -1.139294 1.652284
 36.200000 1.156644 -1.143087 1.621143
 36.400000 1.173356 -1.186353 1.889401
 36.600000 1.138886 -1.055755 1.450512
 36.800000 1.089003 -0.808330 5.270263
 37.000000 1.238265 -0.825994 2.694489
 37.200000 1.284181 -1.118433 0.285196
 37.400000 1.007661 -1.145051 5.019683
 37.600000 1.041968 -0.945997 4.076143
 37.800000 0.997056 -0.839387 7.022376
 38.000000 1.178444 -0.829672 3.215854
 38.200000 1.210674 -1.129211 0.820409
 38.400000 1.144290 -1.210783 2.695910
 38.600000 1.179119 -0.942058 1.395014
 38.800000 1.211696 -1.168501 1.210214
 39.000000 1.028072 -1.061278 3.955798
 39.200000 1.085709 -1.067202 2.512936
 39.400000 1.137340 -1.068945 1.497055
 39.600000 1.214381 -1.103855 0.608603
 39.800000 1.136196 -1.114534 1.720255
 40.000000 1.255963 -0.899324 1.232474
 40.200000 1.130894 -1.166813 2.302465
 40.400000 1.225264 -1.032173 0.361640
 40.600000 1.238929 -0.851819 2.152159
 40.800000 1.202563 -1.081858 0.626746
 41.000000 1.230210 -0.896540 1.443728
 41.200000 1.186556 -0.923031 1.519154
 41.400000 1.168624 -1.012850 1.043789
 41.600000 1.116029 -0.988164 2.035371
 41.800000 1.155944 -1.194341 2.255149
 42.000000 1.274176 -1.066003 0.078468
 42.200000 1.281472 -1.067759 0.059203
 42.400000 1.082731 -0.931076 3.232726
 42.600000 1.164327 -0.734485 5.932777
 42.800000 1.156831 -1.040278 1.159938
 43.000000 1.158068 -1.109525 1.333722
 43.200000 1.188032 -0.952599 1.178058
 43.400000 1.166809 -1.023039 1.039718
 43.600000 1.056934 -0.811935 5.941737
 43.800000 1.026767 -0.782883 7.473010
 44.000000 1.155269 -0.763693 5.197484
 44.200000 1.230808 -0.863000 2.000272
 44.400000 1.399788 -0.967825 0.726437
 44.600000 1.200530 -0.980671 0.808814
 44.800000 1.096529 -0.962490 2.614924
 45.000000 1.265806 -0.973683 0.362746
 45.200000 1.182988 -1.088139 0.878040
 45.400000 1.217222 -1.134520 0.803181
 45.600000 1.232188 -1.025303 0.318684
 45.800000 1.011169 -1.154433 5.010894
 46.000000 1.312457 -1.022979 0.029693
 46.200000 1.267313 -0.982965 0.292513
 46.400000 1.115552 -0.805214 4.796355
 46.600000 1.013223 -1.045326 4.374061
 46.800000 1.206949 -1.009725 0.590462
 47.000000 1.135596 -0.905057 2.512077
 47.200000 1.246361 -1.040686 0.198178
 47.400000 0.974281 -0.803214 8.575510
 47.600000 1.217917 -1.207714 1.704566
 47.800000 1.181660 -0.880863 2.192375
 48.000000 0.998340 -0.918481 5.652315
 48.200000 1.200133 -0.711824 6.212998
 48.400000 1.320200 -1.036723 0.011667
 48.600000 1.220123 -0.827187 2.812942
 48.800000 1.147793 -0.875333 2.774405
 49.000000 1.163837 -0.863315 2.742324
 49.200000 1.044451 -0.706541 9.298077
 49.400000 1.036108 -1.128830 4.057211
 49.600000 1.221150 -0.805061 3.314939
 49.800000 1.056322 -1.128915 3.526744
 50.000000 0.984139 -0.824301 7.758357
 50.200000 1.080803 -0.825040 5.068983
 50.400000 1.166497 -0.900378 2.091580
 50.600000 1.166648 -0.983210 1.217151
 50.800000 1.146611 -1.346718 5.806882
 51.000000 1.071779 -1.051737 2.814531
 51.200000 1.132055 -0.796075 4.715984
 51.400000 1.106619 -1.144400 2.521053
 51.600000 1.176289 -0.829876 3.239796
 51.800000 1.194897 -0.977493 0.893122
 52.000000 1.094661 -0.826912 4.720993
 52.200000 1.146955 -1.034912 1.320199
 52.400000 1.192712 -0.891244 1.890580
 52.600000 0.961492 -0.909241 6.988012
 52.800000 1.127614 -1.100442 1.787131
 53.000000 1.105980 -0.764075 6.065801
 53.200000 1.183684 -1.013956 0.840011
 53.400000 1.242246 -0.756973 4.431412
 53.600000 1.009281 -1.104025 4.653288
 53.800000 1.078310 -0.856162 4.483518
 54.000000 1.170994 -0.943055 1.493422
 54.200000 1.324243 -1.090697 0.106668
 54.400000 1.174940 -1.002538 0.997752
 54.600000 1.145535 -0.967779 1.650475
 54.800000 1.126445 -1.096084 1.786104
 55.000000 1.156421 -0.966314 1.490181
 55.200000 1.067296 -0.794139 6.120271
 55.400000 1.045543 -0.845514 5.502053
 55.600000 1.168709 -0.727156 6.102140
 55.800000 1.006421 -1.143512 5.042172
 56.000000 1.169857 -0.856928 2.776166
 56.200000 1.236187 -0.791321 3.536156
 56.400000 1.202298 -0.614431 9.929298
 56.600000 1.063639 -0.977795 3.250029
 56.800000 1.098165 -0.810378 5.024225
 57.000000 1.075822 -0.897818 3.832631
 57.200000 1.144348 -0.885731 2.657340
 57.400000 1.260067 -1.020895 0.154009
 57.600000 1.131044 -1.124656 1.883981
 57.800000 0.977468 -0.954770 5.921584
 58.000000 1.205790 -0.933523 1.177507
 58.200000 1.030939 -0.873663 5.369645
 58.400000 1.111023 -0.795177 5.132789
 58.600000 1.058619 -1.160541 3.777726
 58.800000 1.138971 -1.109469 1.639824
 59.000000 1.180048 -0.927336 1.548476
 59.200000 1.116559 -0.793527 5.066456
 59.400000 1.337450 -1.105171 0.209110
 59.600000 1.147551 -1.055518 1.306672
 59.800000 1.123343 -0.792832 4.955855
 60.000000 1.047539 -0.999297 3.532094
 60.200000 1.145141 -1.106817 1.520636
 60.400000 1.199984 -1.241294 2.479674
 60.600000 1.155784 -1.063964 1.187822
 60.800000 1.102054 -1.033395 2.150519
 61.000000 1.004677 -1.028583 4.647474
 61.200000 1.194417 -0.965436 0.989800
 61.400000 1.101927 -1.209251 3.458405
 61.600000 1.226060 -0.907371 1.320077
 61.800000 1.017231 -0.999926 4.367420
 62.000000 1.158618 -0.823255 3.635929
 62.200000 1.229577 -1.024022 0.341949
 62.400000 1.010436 -0.858426 6.236603
 62.600000 1.188517 -0.971346 1.012620
 62.800000 1.156326 -1.305579 4.505867
 63.000000 1.222467 -0.892216 1.573770
 63.200000 1.158789 -1.228667 2.776353
 63.400000 1.275618 -1.051479 0.056642
 63.600000 1.083030 -1.083095 2.617688
 63.800000 1.110344 -0.687454 8.440264
 64.000000 1.271658 -1.133935 0.446703
 64.200000 1.265013 -1.128017 0.424073
 64.400000 1.140317 -0.945299 1.940703
 64.600000 1.045262 -1.061822 3.488467
 64.800000 1.048863 -1.076768 3.427310
 65.000000 1.157688 -1.124091 1.440992
 65.200000 1.310881 -1.200287 1.173497
 65.400000 1.140986 -0.720760 6.736133
 65.600000 1.190426 -0.977367 0.946013
 65.800000 1.164621 -0.944428 1.569202
 66.000000 1.111944 -0.994305 2.080721
 66.200000 1.067999 -1.035048 2.911104
 66.400000 1.256671 -0.893473 1.316926
 66.600000 1.031665 -1.111937 4.055642
 66.800000 1.351484 -1.168836 0.831268
 67.000000 1.187596 -0.960328 1.113301
 67.200000 1.205392 -0.836326 2.757904
 67.400000 1.020360 -1.051131 4.166178
 67.600000 1.027792 -0.914996 4.826180
 67.800000 1.354707 -0.889074 1.353107
 68.000000 1.310572 -0.921012 0.795034
 68.200000 1.224188 -0.792289 3.605998
 68.400000 1.190520 -1.285857 3.552008
 68.600000 1.176505 -1.103060 1.034190
 68.800000 0.924851 -1.228397 9.021584
 69.000000 1.324942 -0.778114 3.630398
 69.200000 1.154767 -0.975565 1.445094
 69.400000 1.115198 -0.960090 2.256306
 69.600000 1.256019 -1.178288 1.000814
 69.800000 1.181586 -1.120905 1.083954
 70.000000 1.136548 -1.048975 1.486986
 70.200000 1.188251 -1.093802 0.837945
 70.400000 1.131896 -1.216478 3.002552
 70.600000 1.277366 -0.897990 1.161687
 70.800000 1.030848 -0.982106 4.079366
 71.000000 1.056237 -0.983425 3.396941
 71.200000 1.263029 -1.256672 2.301644
 71.400000 1.097286 -1.182057 3.151601
 71.600000 1.326454 -1.123394 0.306285
 71.800000 1.176343 -1.021988 0.911292
 72.000000 1.077147 -0.911287 3.609814
 72.200000 1.154945 -0.818451 3.800496
 72.400000 1.083551 -1.046928 2.541135
 72.600000 1.115155 -0.776353 5.543801
 72.800000 1.089478 -1.068288 2.431731
 73.000000 1.028599 -1.078074 3.978925
 73.200000 1.173887 -0.997287 1.036713
 73.400000 1.230559 -0.706704 6.101038
 73.600000 1.158502 -0.739268 5.870377
 73.800000 1.094112 -1.151110 2.849536
 74.000000 1.087328 -0.979439 2.685607
 74.200000 1.261135 -1.022127 0.145687
 74.400000 1.148049 -0.713913 6.845789
 74.600000 1.082236 -1.119071 2.829866
 74.800000 1.252756 -0.955626 0.576491
 75.000000 1.178929 -1.093176 0.951945
 75.200000 1.153943 -0.618605 10.382382
 75.400000 0.996093 -0.957008 5.301051
 75.600000 1.333271 -0.893167 1.214246
 75.800000 1.360263 -0.901499 1.191433
 76.000000 1.027602 -0.996264 4.088177
 76.200000 1.080440 -0.985122 2.803826
 76.400000 1.350198 -0.860230 1.830928
 76.600000 1.146178 -0.977562 1.567162
 76.800000 1.268902 -1.073222 0.114471
 77.000000 1.073997 -1.108215 2.947838
 77.200000 1.151326 -1.235233 3.012594
 77.400000 1.033825 -0.896318 4.922542
 77.600000 0.856673 -1.037408 10.234240
 77.800000 1.160322 -1.207211 2.386894
 78.000000 1.247815 -1.017865 0.229856
 78.200000 1.103666 -0.801002 5.136112
 78.400000 1.055022 -0.617424 12.456040
 78.600000 1.003809 -0.918948 5.477928
 78.800000 1.169587 -0.956021 1.386427
 79.000000 1.070918 -0.967438 3.151220
 79.200000 0.992570 -0.850383 6.940937
 79.400000 1.137581 -0.926924 2.191163
 79.600000 1.043475 -0.829677 5.888536
 79.800000 1.162319 -1.196562 2.192561
 80.000000 1.153523 -0.784342 4.660580
 80.200000 1.143586 -0.830787 3.707488
 80.400000 1.076360 -1.133037 3.075090
 80.600000 1.164526 -1.202574 2.252099
 80.800000 1.146349 -0.873274 2.833382
 81.000000 0.939213 -0.982722 7.043978
 81.200000 1.246703 -1.028439 0.211398
 81.400000 1.206287 -0.791314 3.798720
 81.600000 1.117128 -1.183142 2.765913
 81.800000 1.219931 -1.089379 0.485952
 82.000000 1.277474 -0.991236 0.205701
 82.200000 1.104399 -0.625611 10.975503
 82.400000 0.995039 -0.832246 7.236375
 82.600000 1.253186 -0.944136 0.685784
 82.800000 1.068451 -1.026065 2.915075
 83.000000 1.196505 -1.007455 0.711224
 83.200000 1.088507 -0.927985 3.140063
 83.400000 1.370828 -1.259832 2.453937
 83.600000 1.183758 -1.098132 0.914369
 83.800000 0.938543 -1.157551 7.471517
 84.000000 0.917957 -1.017348 7.689598
 84.200000 1.125687 -1.101575 1.828366
 84.400000 1.313967 -1.033648 0.010286
 84.600000 1.038136 -0.998039 3.788444
 84.800000 1.187321 -0.918133 1.571791
 85.000000 1.147399 -1.281553 4.054000
 85.200000 1.245720 -0.890598 1.424801
 85.400000 1.170187 -1.016586 1.009868
 85.600000 1.086449 -0.872435 4.001611
 85.800000 1.340428 -1.065932 0.067151
 86.000000 1.171401 -1.158922 1.571746
 86.200000 1.141297 -0.860416 3.148596
 86.400000 1.126156 -1.121288 1.946612
 86.600000 1.084262 -1.301458 5.760025
 86.800000 1.167607 -0.945878 1.511756
 87.000000 1.051135 -1.176535 4.162132
 87.200000 1.060023 -0.985702 3.287726
 87.400000 1.174652 -1.086189 0.978738
 87.600000 1.098525 -0.956967 2.620975
 87.800000 1.114011 -0.991744 2.054058
 88.000000 1.180025 -1.005889 0.916515
 88.200000 1.204246 -1.076460 0.591669
 88.400000 1.083874 -0.882746 3.884474
 88.600000 1.304033 -0.854463 1.856670
 88.800000 1.056483 -1.124897 3.490593
 89.000000 1.122426 -0.867213 3.358284
 89.200000 1.221199 -1.015958 0.433850
 89.400000 1.248223 -1.192216 1.237563
 89.600000 1.089086 -0.947304 2.915854
 89.800000 1.223537 -0.659339 7.883046
 90.000000 1.035188 -0.962088 4.109734
 90.200000 1.220821 -0.646817 8.400001
 90.400000 1.267368 -1.089066 0.174680
 90.600000 1.207159 -1.106661 0.695851
 90.800000 1.204854 -1.081905 0.602783
 91.000000 1.162634 -1.012876 1.129573
 91.200000 1.331803 -0.990825 0.184366
 91.400000 1.017824 -0.738925 8.987486
 91.600000 1.087521 -0.936869 3.059963
 91.800000 1.228145 -0.991807 0.479662
 92.000000 1.158616 -0.915466 1.996992
 92.200000 1.327317 -1.093310 0.123565
 92.400000 0.995060 -1.122620 5.212776
 92.600000 1.310227 -0.880886 1.381435
 92.800000 1.075799 -0.908065 3.685444
 93.000000 1.112678 -0.964929 2.264534
 93.200000 1.134938 -0.834224 3.780512
 93.400000 1.157540 -0.906225 2.139144
 93.600000 1.288023 -1.030304 0.036085
 93.800000 1.174575 -1.007278 0.982663
 94.000000 1.162418 -0.949210 1.553282
 94.200000 1.355232 -1.143349 0.570112
 94.400000 1.297377 -1.006994 0.087168
 94.600000 1.312670 -0.879365 1.407425
 94.800000 1.127658 -0.784161 5.100928
 95.000000 1.264429 -1.017322 0.143623
 95.200000 1.108117 -1.144830 2.495054
 95.400000 1.131391 -0.930455 2.257374
 95.600000 1.121551 -0.943822 2.289983
 95.800000 1.023353 -1.346167 8.551479
 96.000000 1.267521 -0.766859 4.012735
 96.200000 1.098507 -1.011868 2.277213
 96.400000 1.194770 -0.851211 2.570926
 96.600000 1.091986 -0.813386 5.085641
 96.800000 1.240358 -1.070261 0.262338
 97.000000 1.127715 -1.006024 1.727394
 97.200000 1.325924 -0.969699 0.313885
 97.400000 1.003754 -1.100172 4.799281
 97.600000 1.046385 -1.429924 10.775787
 97.800000 1.218504 -0.901765 1.465497
 98.000000 1.275181 -0.707840 5.812028
 98.200000 1.116198 -0.950830 2.321836
 98.400000 1.146028 -0.930994 2.001856
 98.600000 1.161275 -0.951940 1.543754
 98.800000 0.947978 -0.930338 7.198148
 99.000000 1.417019 -1.059241 0.590881
 99.200000 1.013179 -1.115477 4.608974
 99.400000 1.102976 -0.785367 5.547286
 99.600000 1.073473 -0.943794 3.307015
 99.800000 1.207716 -1.042400 0.513927
 100.000000 1.236715 -0.838706 2.432588
