#! FIELDS time phi psi restraint.bias
#! SET min_phi -pi
#! SET max_phi pi
#! SET min_psi -pi
#! SET max_psi pi
 0.000000 -2.794730 2.832187 213.792408
 0.200000 -1.247501 1.866603 16.653056
 0.400000 -1.522947 1.140818 2.216573
 0.600000 -1.484962 1.284027 0.424560
 0.800000 -1.337910 1.255571 0.312917
 1.000000 -1.274235 1.255131 0.889547
 1.200000 -1.471982 1.184431 1.062446
 1.400000 -1.197545 1.400540 2.393457
 1.600000 -1.439685 1.654922 6.077737
 1.800000 -1.324116 1.350014 0.344389
 2.000000 -1.509295 1.316303 0.641523
 2.200000 -1.533406 1.228614 1.263472
 2.400000 -1.455017 1.090549 2.558443
 2.600000 -1.361013 1.139924 1.491283
 2.800000 -1.321017 1.384882 0.571056
 3.000000 -1.356304 0.837442 11.197697
 3.200000 -1.145362 1.403586 3.594894
 3.400000 -1.515844 1.414683 1.273563
 3.600000 -1.152284 1.223189 3.344313
 3.800000 -1.494607 1.349817 0.566954
 4.000000 -1.327814 1.188258 0.963053
 4.200000 -1.298948 1.188734 1.196554
 4.400000 -1.336701 1.263372 0.281412
 4.600000 -1.509802 1.457821 1.752125
 4.800000 -1.291380 1.301734 0.552623
 5.000000 -1.401082 1.101409 2.155646
 5.200000 -1.346574 1.390724 0.457454
 5.400000 -1.441791 1.542730 2.835372
 5.600000 -1.080500 1.210444 5.470793
 5.800000 -1.385506 1.099208 2.206209
 6.000000 -1.337456 1.308647 0.172903
 6.200000 -1.383578 1.312040 0.008506
 6.400000 -1.413163 1.214556 0.460170
 6.600000 -1.572106 1.312387 1.546671
 6.800000 -1.407713 1.440735 0.874400
 7.000000 -1.385356 1.203599 0.561309
 7.200000 -1.383763 1.479295 1.457999
 7.400000 -1.304130 1.288705 0.444970
 7.600000 -1.377562 1.189227 0.734642
 7.800000 -1.427594 1.275013 0.106814
 8.000000 -1.375260 1.159790 1.135075
 8.200000 -1.394577 1.384462 0.284940
 8.400000 -1.469504 1.312552 0.268868
 8.600000 -1.441817 0.976931 5.616914
 8.800000 -1.483215 1.086031 2.863589
 9.000000 -1.384139 1.282597 0.042174
 9.200000 -1.409843 1.355810 0.118830
 9.400000 -1.498982 1.517677 2.705096
 9.600000 -1.309516 1.282699 0.410782
 9.800000 -1.543644 1.209041 1.585593
 10.000000 -1.375733 1.294776 0.031169
 10.200000 -1.356155 0.982647 5.405396
 10.400000 -1.366402 1.324194 0.056132
 10.600000 -1.397838 1.564666 3.268646
 10.800000 -1.183815 1.319175 2.261825
 11.000000 -1.167743 1.259439 2.733762
 11.200000 -1.521269 1.321382 0.789042
 11.400000 -1.483194 1.644037 5.990694
 11.600000 -1.261004 1.021099 5.058785
 11.800000 -1.395279 1.493454 1.701392
 12.000000 -1.573042 1.066173 4.510592
 12.200000 -1.361025 1.205102 0.601707
 12.400000 -1.434384 1.426533 0.763494
 12.600000 -1.425126 1.331312 0.066576
 12.800000 -1.163880 1.153935 3.902113
 13.000000 -1.372562 1.101689 2.176773
 13.200000 -1.357196 1.203944 0.628038
 13.400000 -1.334987 1.527863 2.582993
 13.600000 -1.430547 1.164719 1.099482
 13.800000 -1.583775 1.032497 5.580496
 14.000000 -1.453121 1.128483 1.790791
 14.200000 -1.269764 1.129162 2.416967
 14.400000 -1.545949 1.418498 1.719929
 14.600000 -1.474056 1.091298 2.672100
 14.800000 -1.513397 1.393307 1.041519
 15.000000 -1.203451 1.275215 1.915805
 15.200000 -1.596401 1.031956 5.840214
 15.400000 -1.413370 1.371417 0.209497
 15.600000 -1.168562 1.290223 2.609924
 15.800000 -1.364196 1.346985 0.123586
 16.000000 -1.160160 1.256185 2.926586
 16.200000 -1.436432 1.242450 0.302070
 16.400000 -1.379286 1.105315 2.088583
 16.600000 -1.401807 1.227314 0.335086
 16.800000 -1.453138 1.449627 1.150696
 17.000000 -1.305079 1.395835 0.792804
 17.200000 -1.237537 1.248731 1.441205
 17.400000 -1.277186 1.089107 3.126361
 17.600000 -1.421840 1.191863 0.718656
 17.800000 -1.260556 1.547310 3.760586
 18.000000 -1.522471 1.311407 0.796750
 18.200000 -1.231496 1.263382 1.461369
 18.400000 -1.343564 1.254754 0.285923
 18.600000 -1.335982 0.986546 5.380175
 18.800000 -1.355256 1.514079 2.187142
 19.000000 -1.577732 1.046995 5.078691
 19.200000 -1.314453 1.102483 2.466882
 19.400000 -1.411959 1.128239 1.645860
 19.600000 -1.411087 0.983600 5.304922
 19.800000 -1.314287 1.369458 0.518795
 20.000000 -1.362146 1.058997 3.183005
 20.200000 -1.576284 1.297458 1.627073
 20.400000 -1.405404 1.025466 4.023486
 20.600000 -1.281243 1.034368 4.432316
 20.800000 -1.509816 1.180656 1.468231
 21.000000 -1.322114 1.233574 0.559255
 21.200000 -1.490252 1.229861 0.754790
 21.400000 -1.152186 1.051109 6.303740
 21.600000 -1.404993 1.284424 0.033987
 21.800000 -1.270446 1.171447 1.737361
 22.000000 -1.438471 1.390096 0.417994
 22.200000 -1.501318 1.275480 0.608001
 22.400000 -1.288048 1.079442 3.220105
 22.600000 -1.279516 1.233571 0.965856
 22.800000 -1.427806 1.282535 0.084750
 23.000000 -1.369929 1.378289 0.274782
 23.200000 -1.296998 1.312326 0.493206
 23.400000 -1.365620 1.249083 0.226384
 23.600000 -1.631809 1.323832 2.785182
 23.800000 -1.245019 1.280113 1.185386
 24.000000 -1.445000 1.157052 1.273036
 24.200000 -1.435074 1.159354 1.194865
 24.400000 -1.146692 1.296735 3.121710
 24.600000 -1.312100 1.279145 0.398680
 24.800000 -1.356227 1.177233 0.948134
 25.000000 -1.516092 0.984270 5.990121
 25.200000 -1.218130 1.413204 2.129550
 25.400000 -1.490092 1.259171 0.564324
 25.600000 -1.203686 1.132959 3.403588
 25.800000 -1.465081 1.238198 0.487396
 26.000000 -1.606002 1.575411 5.748596
 26.200000 -1.428935 1.433356 0.826728
 26.400000 -1.472877 1.058901 3.420730
 26.600000 -1.371583 1.157130 1.183520
 26.800000 -1.649124 1.237708 3.451061
 27.000000 -1.517443 1.224544 1.090823
 27.200000 -1.356997 1.414717 0.635992
 27.400000 -1.447015 1.213812 0.581743
 27.600000 -1.437260 1.303657 0.085473
 27.800000 -1.377268 1.175864 0.904165
 28.000000 -1.450192 0.905316 8.293054
 28.200000 -1.347745 1.243967 0.329089
 28.400000 -1.304859 1.242478 0.638900
 28.600000 -1.396726 1.524523 2.322732
 28.800000 -1.346102 1.448243 1.095357
 29.000000 -1.280313 1.186487 1.422540
 29.200000 -1.337354 1.336476 0.211272
 29.400000 -1.249579 1.423829 1.735167
 29.600000 -1.273539 1.365079 0.910322
 29.800000 -1.408925 1.270726 0.081225
 30.000000 -1.326378 1.284330 0.274582
 30.200000 -1.297775 1.090009 2.882603
 30.400000 -1.234641 1.215328 1.744665
 30.600000 -1.519244 1.540687 3.440435
 30.800000 -1.312660 1.155898 1.521307
 31.000000 -1.427167 1.450626 1.050801
 31.200000 -1.316878 1.162884 1.382426
 31.400000 -1.608206 1.178912 3.092084
 31.600000 -1.406253 1.299809 0.009207
 31.800000 -1.384657 1.432656 0.771401
 32.000000 -1.374775 1.182908 0.817907
 32.200000 -1.478581 0.912511 8.198634
 32.400000 -1.323571 1.242925 0.482416
 32.600000 -1.488161 1.216928 0.846066
 32.800000 -1.302964 1.343303 0.494079
 33.000000 -1.431014 1.348873 0.139925
 33.200000 -1.223310 1.350489 1.581691
 33.400000 -1.461285 1.388667 0.528837
 33.600000 -1.389262 1.119980 1.788681
 33.800000 -1.509696 1.326317 0.658397
 34.000000 -1.496713 1.508601 2.496763
 34.200000 -1.392106 1.419342 0.609736
 34.400000 -1.544113 1.282852 1.127185
 34.600000 -1.582894 1.287151 1.765451
 34.800000 -1.385880 1.340850 0.056140
 35.000000 -1.512980 1.061633 3.740454
 35.200000 -1.494089 1.279119 0.523143
 35.400000 -1.321167 1.557459 3.368791
 35.600000 -1.166008 1.162942 3.717296
 35.800000 -1.349861 1.082801 2.665729
 36.000000 -1.325732 0.946006 6.836583
 36.200000 -1.541344 1.277489 1.102080
 36.400000 -1.205661 1.171581 2.760474
 36.600000 -1.194594 1.296427 2.041357
 36.800000 -1.327129 1.231675 0.537834
 37.000000 -1.392415 1.328381 0.019539
 37.200000 -1.401676 1.336456 0.039186
 37.400000 -1.441378 0.909787 8.069934
 37.600000 -1.112622 1.327489 4.039635
 37.800000 -1.492028 1.018960 4.664453
 38.000000 -1.235064 1.043428 4.825370
 38.200000 -1.326554 1.326642 0.258529
 38.400000 -1.573800 1.109527 3.565298
 38.600000 -1.286816 1.153773 1.803515
 38.800000 -1.491041 1.221658 0.830519
 39.000000 -1.456983 1.169489 1.157387
 39.200000 -1.306588 1.497063 2.170637
 39.400000 -1.491351 1.471522 1.772943
 39.600000 -1.270747 1.455475 1.860573
 39.800000 -1.402415 1.161328 1.092099
 40.000000 -1.306986 1.194389 1.055169
 40.200000 -1.450984 1.032775 3.964486
 40.400000 -1.414418 1.179133 0.859630
 40.600000 -1.300623 0.981789 5.810355
 40.800000 -1.457012 1.125325 1.871178
 41.000000 -1.316849 1.043083 3.850644
 41.200000 -1.559122 1.060661 4.409569
 41.400000 -1.398176 1.321792 0.008378
 41.600000 -1.430423 1.109226 2.053646
 41.800000 -1.464644 1.083154 2.783907
 42.000000 -1.653812 1.279023 3.361545
 42.200000 -1.279678 1.296740 0.687066
 42.400000 -1.561122 1.238591 1.606783
 42.600000 -1.488714 1.207681 0.940561
 42.800000 -1.427580 1.296546 0.056789
 43.000000 -1.316490 1.195773 0.959067
 43.200000 -1.454675 1.417549 0.759869
 43.400000 -1.446654 1.303330 0.128582
 43.600000 -1.357795 1.373971 0.285109
 43.800000 -1.393008 0.843879 10.816927
 44.000000 -1.255472 1.267837 1.075747
 44.200000 -1.330327 1.269428 0.295614
 44.400000 -1.364964 1.436823 0.866041
 44.600000 -1.348052 1.408667 0.612975
 44.800000 -1.374685 1.114297 1.918552
 45.000000 -1.321469 1.541850 2.990878
 45.200000 -1.300179 1.448900 1.440318
 45.400000 -1.227226 1.417229 2.014410
 45.600000 -1.294627 1.526139 2.874155
 45.800000 -1.317209 1.333095 0.341506
 46.000000 -1.321733 1.286547 0.302899
 46.200000 -1.378700 1.416339 0.591613
 46.400000 -1.415657 1.394482 0.384255
 46.600000 -1.369577 1.098258 2.256002
 46.800000 -1.515516 1.364512 0.865237
 47.000000 -1.191426 1.311543 2.098166
 47.200000 -1.303048 1.386663 0.736078
 47.400000 -1.407667 1.265211 0.102338
 47.600000 -1.570649 1.160652 2.620791
 47.800000 -1.553084 1.314484 1.231201
 48.000000 -1.096456 1.342898 4.551612
 48.200000 -1.286433 1.018129 4.833108
 48.400000 -1.488462 1.077801 3.097487
 48.600000 -1.632170 1.029448 6.689865
 48.800000 -1.290318 1.217912 0.975953
 49.000000 -1.450904 1.237803 0.402675
 49.200000 -1.301580 1.121933 2.197742
 49.400000 -1.237886 1.406534 1.729856
 49.600000 -1.411847 1.231485 0.312497
 49.800000 -1.232773 1.421054 1.964314
 50.000000 -1.266364 1.083612 3.383420
 50.200000 -1.498480 1.376276 0.748812
 50.400000 -1.513590 1.082682 3.249087
 50.600000 -1.698517 1.145922 5.897505
 50.800000 -1.249664 1.099776 3.263048
 51.000000 -1.354936 1.088494 2.516303
 51.200000 -1.485443 1.410498 0.912874
 51.400000 -1.298998 1.194328 1.130364
 51.600000 -1.411909 1.021571 4.142725
 51.800000 -1.518935 1.017833 4.991069
 52.000000 -1.373998 1.338822 0.069280
 52.200000 -1.396382 1.297769 0.006296
 52.400000 -1.493006 1.221710 0.848878
 52.600000 -1.427445 1.105201 2.125129
 52.800000 -1.293570 1.462639 1.707657
 53.000000 -1.567083 1.278503 1.505504
 53.200000 -1.250872 1.351707 1.148122
 53.400000 -1.487836 1.154387 1.614408
 53.600000 -1.451695 1.281401 0.191709
 53.800000 -1.421754 1.274331 0.092560
 54.000000 -1.423835 1.277071 0.088962
 54.200000 -1.321030 1.441187 1.156784
 54.400000 -1.256432 1.387206 1.283486
 54.600000 -1.521287 1.225615 1.129157
 54.800000 -1.409009 1.502037 1.871479
 55.000000 -1.230087 0.957543 7.556430
 55.200000 -1.281954 1.189456 1.367720
 55.400000 -1.503990 1.246918 0.772936
 55.600000 -1.447973 1.244869 0.339286
 55.800000 -1.279219 1.243604 0.898699
 56.000000 -1.263931 1.089146 3.292123
 56.200000 -1.375500 1.282381 0.056951
 56.400000 -1.192702 1.307903 2.071855
 56.600000 -1.486276 1.282943 0.439066
 56.800000 -1.376900 1.272849 0.084048
 57.000000 -1.358061 1.256630 0.210034
 57.200000 -1.350503 1.446919 1.055907
 57.400000 -1.527301 1.131851 2.427499
 57.600000 -1.212642 1.082405 4.252808
 57.800000 -1.226576 1.416188 2.014206
 58.000000 -1.294410 1.095164 2.804759
 58.200000 -1.323186 1.305583 0.267571
 58.400000 -1.468719 1.290365 0.279858
 58.600000 -1.477668 1.312805 0.332088
 58.800000 -1.432923 1.339806 0.114692
 59.000000 -1.554355 1.398608 1.651275
 59.200000 -1.269223 1.221806 1.186972
 59.400000 -1.537755 1.420304 1.620582
 59.600000 -1.340460 0.974294 5.756742
 59.800000 -1.518053 0.986573 5.939327
 60.000000 -1.399567 1.348741 0.079554
 60.200000 -1.253748 1.253049 1.171950
 60.400000 -1.161560 1.517120 4.920101
 60.600000 -1.387936 1.100595 2.174888
 60.800000 -1.255787 1.038814 4.636375
 61.000000 -1.536679 1.476638 2.391166
 61.200000 -1.441139 1.318177 0.104926
 61.400000 -1.338143 1.331214 0.193571
 61.600000 -1.386820 1.222860 0.375371
 61.800000 -1.408488 1.209123 0.506148
 62.000000 -1.460621 1.304977 0.207923
 62.200000 -1.281182 1.425149 1.336793
 62.400000 -1.328250 1.572978 3.715757
 62.600000 -1.474500 1.141839 1.703055
 62.800000 -1.166233 0.990171 7.727894
 63.000000 -1.367128 1.536256 2.624935
 63.200000 -1.478629 1.445140 1.266075
 63.400000 -1.425779 1.332381 0.070926
 63.600000 -1.285012 1.142994 1.996544
 63.800000 -1.317922 1.039114 3.948492
 64.000000 -1.456806 1.333104 0.212365
 64.200000 -1.332084 1.416939 0.788577
 64.400000 -1.318657 1.438246 1.136466
 64.600000 -1.286317 1.372319 0.804900
 64.800000 -1.430142 1.418306 0.654899
 65.000000 -1.188277 1.157812 3.305576
 65.200000 -1.413058 1.383186 0.289359
 65.400000 -1.436422 1.105005 2.161151
 65.600000 -1.301311 1.258235 0.579567
 65.800000 -1.333167 1.403068 0.641572
 66.000000 -1.535799 1.377463 1.207976
 66.200000 -1.440980 1.278378 0.146849
 66.400000 -1.401967 1.033963 3.783628
 66.600000 -1.370052 1.047886 3.443112
 66.800000 -1.276044 1.450431 1.722869
 67.000000 -1.454945 1.106546 2.221379
 67.200000 -1.388388 0.997506 4.854197
 67.400000 -1.227118 1.507619 3.403135
 67.600000 -1.349982 1.454038 1.159035
 67.800000 -1.514373 1.180432 1.523887
 68.000000 -1.345276 1.020228 4.299150
 68.200000 -1.471396 1.208993 0.782241
 68.400000 -1.325884 1.157425 1.396246
 68.600000 -1.295082 1.327612 0.529187
 68.800000 -1.293047 1.175800 1.419628
 69.000000 -1.244886 1.376137 1.371138
 69.200000 -1.492971 1.189583 1.180549
 69.400000 -1.497135 1.336531 0.546711
 69.600000 -1.310965 1.268039 0.447614
 69.800000 -1.416431 1.214040 0.471118
 70.000000 -1.020283 1.193886 7.730377
 70.200000 -1.502727 1.408426 1.061136
 70.400000 -1.266570 1.184636 1.614169
 70.600000 -1.229850 1.302766 1.386546
 70.800000 -1.493101 1.329319 0.489576
 71.000000 -1.325199 1.349332 0.333859
 71.200000 -1.424304 1.013788 4.396544
 71.400000 -1.572959 1.276897 1.612630
 71.600000 -1.209036 1.272626 1.818753
 71.800000 -1.499909 1.288631 0.557883
 72.000000 -1.404533 1.301828 0.005987
 72.200000 -1.495314 1.142022 1.884494
 72.400000 -1.522980 1.306044 0.803329
 72.600000 -1.469554 1.191712 0.956309
 72.800000 -1.488977 1.178818 1.277056
 73.000000 -1.572694 1.091768 3.915713
 73.200000 -1.461610 1.414876 0.774124
 73.400000 -1.583593 1.148315 3.045512
 73.600000 -1.488961 1.413906 0.980037
 73.800000 -1.230590 1.172020 2.310365
 74.000000 -1.555986 1.204857 1.817800
 74.200000 -1.240664 1.421379 1.842072
 74.400000 -1.449982 1.440409 1.007852
 74.600000 -1.271807 1.268342 0.857038
 74.800000 -1.217797 1.262656 1.699791
 75.000000 -1.546470 1.272636 1.194228
 75.200000 -1.248770 1.391219 1.425748
 75.400000 -1.384860 1.223694 0.370268
 75.600000 -1.471618 1.307726 0.284024
 75.800000 -1.338939 1.208297 0.671239
 76.000000 -1.126053 1.220536 4.041794
 76.200000 -1.328992 1.098136 2.449210
 76.400000 -1.567233 1.392637 1.811433
 76.600000 -1.516708 1.391795 1.068221
 76.800000 -1.411781 1.218295 0.423325
 77.000000 -1.365644 1.292755 0.060046
 77.200000 -1.308075 1.309603 0.388849
 77.400000 -1.431670 1.276839 0.114379
 77.600000 -1.418579 1.360223 0.156150
 77.800000 -1.166879 1.272353 2.697887
 78.000000 -1.294576 1.175385 1.409502
 78.200000 -1.504905 1.222019 0.968389
 78.400000 -1.388627 1.155230 1.185021
 78.600000 -1.494469 1.153827 1.686027
 78.800000 -1.315212 1.288144 0.350164
 79.000000 -1.201490 1.269593 1.974377
 79.200000 -1.609046 1.183312 3.053640
 79.400000 -1.259345 1.228186 1.263756
 79.600000 -1.569103 1.305445 1.494363
 79.800000 -1.530192 1.079177 3.537591
 80.000000 -1.570099 1.094551 3.810202
 80.200000 -1.243998 1.466930 2.406448
 80.400000 -1.601305 1.389940 2.429825
 80.600000 -1.264086 1.162928 1.940208
 80.800000 -1.306800 1.271104 0.471922
 81.000000 -1.232541 1.370222 1.527674
 81.200000 -1.354345 1.455369 1.159188
 81.400000 -1.185980 1.203738 2.764787
 81.600000 -1.442254 1.150308 1.364771
 81.800000 -1.422838 1.282103 0.071467
 82.000000 -1.374430 1.259795 0.144835
 82.200000 -1.344865 1.120360 1.911137
 82.400000 -1.427111 1.036163 3.769307
 82.600000 -1.232968 1.318851 1.338073
 82.800000 -1.377689 1.226485 0.357600
 83.000000 -1.351857 1.252810 0.256386
 83.200000 -1.482692 1.357131 0.489400
 83.400000 -1.326860 1.400145 0.656280
 83.600000 -1.264923 1.500289 2.692232
 83.800000 -1.526362 1.213858 1.298833
 84.000000 -1.509606 1.241335 0.871224
 84.200000 -1.370931 1.195467 0.676458
 84.400000 -1.358963 1.280971 0.108805
 84.600000 -1.097824 1.415247 5.017746
 84.800000 -1.271568 1.346414 0.847438
 85.000000 -1.621271 1.147518 3.835159
 85.200000 -1.230105 1.586944 5.243302
 85.400000 -1.371419 1.372881 0.234956
 85.600000 -1.583522 1.147441 3.058266
 85.800000 -1.412435 1.166419 1.029407
 86.000000 -1.441534 1.084425 2.623952
 86.200000 -1.568949 1.145439 2.828516
 86.400000 -1.296953 1.233548 0.777672
 86.600000 -1.241406 1.111770 3.143785
 86.800000 -1.461162 1.117758 2.039103
 87.000000 -1.215924 1.014028 5.976181
 87.200000 -1.384069 1.590330 3.965033
 87.400000 -1.571048 1.523134 3.820423
 87.600000 -1.437002 1.549666 2.979231
 87.800000 -1.302130 1.181539 1.255215
 88.000000 -1.225347 1.230113 1.771652
 88.200000 -1.119562 1.288922 3.848224
 88.400000 -1.380898 1.291558 0.026993
 88.600000 -1.453112 1.168678 1.145978
 88.800000 -1.340374 1.226818 0.493775
 89.000000 -1.497508 1.220726 0.902084
 89.200000 -1.287987 1.527297 2.969043
 89.400000 -1.438529 1.164085 1.139201
 89.600000 -1.261777 1.232959 1.193329
 89.800000 -1.369634 1.333177 0.064699
 90.000000 -1.363927 0.851751 10.505632
 90.200000 -1.512331 1.464549 1.883553
 90.400000 -1.206840 1.647756 7.532122
 90.600000 -1.269955 1.198408 1.409071
 90.800000 -1.348399 1.249034 0.294269
 91.000000 -1.399947 1.701560 7.706246
 91.200000 -1.463206 1.442185 1.111136
 91.400000 -1.143062 1.339736 3.252715
 91.600000 -1.673870 1.252420 4.013370
 91.800000 -1.357998 1.259415 0.196084
 92.000000 -1.450455 1.529126 2.569842
 92.200000 -1.399879 1.290473 0.017799
 92.400000 -1.382863 1.328571 0.028145
 92.600000 -1.458899 1.142564 1.581070
 92.800000 -1.294056 1.157532 1.669247
 93.000000 -1.372315 1.446110 0.968761
 93.200000 -1.613960 1.408386 2.863635
 93.400000 -1.168408 1.127145 4.249206
 93.600000 -1.361114 1.438027 0.894285
 93.800000 -1.432098 1.174084 0.974202
 94.000000 -1.274696 1.201175 1.320098
 94.200000 -1.320592 1.135622 1.789110
 94.400000 -1.511589 1.396606 1.048868
 94.600000 -1.459302 0.974369 5.797281
 94.800000 -1.324626 1.486422 1.830685
 95.000000 -1.450156 1.014684 4.476040
 95.200000 -1.475190 1.181834 1.119928
 95.400000 -1.338192 1.162483 1.241807
 95.600000 -1.425119 1.407254 0.524432
 95.800000 -1.214483 1.153341 2.863473
 96.000000 -1.652202 1.307999 3.275373
 96.200000 -1.446342 1.333407 0.155219
 96.400000 -1.272412 1.594134 4.832271
 96.600000 -1.526091 1.342785 0.899906
 96.800000 -1.422608 1.208776 0.536856
 97.000000 -1.470761 1.383783 0.557223
 97.200000 -1.371294 1.154740 1.220810
 97.400000 -1.402034 1.422730 0.648510
 97.600000 -1.180522 1.230128 2.638109
 97.800000 -1.399296 1.260348 0.118763
 98.000000 -1.322491 1.164314 1.318655
 98.200000 -1.575357 1.384557 1.889298
 98.400000 -1.234586 1.412925 1.847047
 98.600000 -1.574056 1.096290 3.842653
 98.800000 -1.493056 1.242240 0.691247
 99.000000 -1.528943 1.334390 0.912499
 99.200000 -1.492771 1.402924 0.906898
 99.400000 -1.438768 1.311859 0.090757
 99.600000 -1.504822 1.189300 1.305574
 99.800000 -1.213003 1.074213 4.435172
 100.000000 -1.296520 1.403669 0.945607
